48 
49 
47 
50 
48 
49 
47 
50 
50 
48 
49 
52 
52 
52 
52 
52 
52 
52 
53 
54 
55 
56 
56 
56 
56 
56 
56 
56 
58 
58 
62 
62 
59 
60 
61 
59 
59 
61 
61 
60 
60 
64 
64 
64 
64 
64 
64 
64
65
66
66
67
67
68
68
70
70
70
70
70
70
70
71
71
71
72
72
72
73
73
73
74
74
74
46
46
46
47
48
48
48
50
50
51
52
53
53
55
55
55
56
57
58
58
58
60
61
62
61
61
64
64
64
66
66
66
67
68
69
69
69
71
71
71
72
73
72
73
74
73
74
