97 39 10
97 40 10
97 41 10
98 38 10
98 39 150
98 40 150
98 41 150
98 42 10
99 37 10
99 38 50
99 39 20
99 40 20
99 41 150
99 42 150
99 43 10
100 36 10
100 37 50
100 38 150
100 39 180
100 40 20
100 41 10
100 42 150
100 43 150
100 44 10
101 35 10
101 36 240
101 37 180
101 38 180
101 39 180
101 40 20
101 41 20
101 42 10
101 43 10
101 44 10
101 45 10
102 34 10
102 35 10
102 36 240
102 37 180
102 38 240
102 39 180
102 40 180
102 41 20
102 42 10
102 43 150
102 44 10
102 45 10
102 46 10
103 17 10
103 18 10
103 19 10
103 20 10
103 21 10
103 22 10
103 34 10
103 35 240
103 36 180
103 37 180
103 38 180
103 39 240
103 40 150
103 41 50
103 42 10
103 43 10
103 44 10
103 45 10
103 46 10
104 16 10
104 17 240
104 18 240
104 19 240
104 20 240
104 21 240
104 22 10
104 23 10
104 34 10
104 35 240
104 36 180
104 37 180
104 38 20
104 39 240
104 40 180
104 41 20
104 42 150
104 43 10
104 44 150
104 45 10
104 46 10
105 15 10
105 16 250
105 17 10
105 18 170
105 19 170
105 20 200
105 21 200
105 22 70
105 23 10
105 34 10
105 35 240
105 36 180
105 37 180
105 38 20
105 39 10
105 40 180
105 41 180
105 42 180
105 43 20
105 44 20
105 45 10
105 46 210
105 47 10
106 13 10
106 14 240
106 15 150
106 16 10
106 17 170
106 18 170
106 19 230
106 20 230
106 21 230
106 22 200
106 23 200
106 24 10
106 34 10
106 35 240
106 36 180
106 37 180
106 38 20
106 39 10
106 40 180
106 41 180
106 42 180
106 43 20
106 44 20
106 45 10
106 46 210
106 47 10
107 11 10
107 12 240
107 13 150
107 14 10
107 15 170
107 16 40
107 17 230
107 18 200
107 19 230
107 20 200
107 21 200
107 22 70
107 23 70
107 24 10
107 25 10
107 33 10
107 34 240
107 35 180
107 36 20
107 37 20
107 38 20
107 39 10
107 40 240
107 41 150
107 42 180
107 43 20
107 44 20
107 45 10
107 46 10
107 47 10
108 10 10
108 11 240
108 12 150
108 13 10
108 14 40
108 15 40
108 16 170
108 17 170
108 18 230
108 19 230
108 20 200
108 21 200
108 22 200
108 23 70
108 24 70
108 25 10
108 26 10
108 33 10
108 34 240
108 35 180
108 36 20
108 37 10
108 38 10
108 39 10
108 40 180
108 41 180
108 42 20
108 43 20
108 44 20
108 45 10
108 46 70
108 47 10
109 9 10
109 10 240
109 11 180
109 12 10
109 13 40
109 14 170
109 15 40
109 16 170
109 17 170
109 18 200
109 19 200
109 20 200
109 21 200
109 22 70
109 23 210
109 24 70
109 25 10
109 26 10
109 32 10
109 33 240
109 34 180
109 35 150
109 36 20
109 37 70
109 38 10
109 39 10
109 40 240
109 41 150
109 42 180
109 43 20
109 44 20
109 45 10
109 46 10
109 47 10
110 9 10
110 10 240
110 11 10
110 12 150
110 13 20
110 14 70
110 15 170
110 16 70
110 17 170
110 18 230
110 19 200
110 20 200
110 21 200
110 22 200
110 23 70
110 24 210
110 25 80
110 26 10
110 27 10
110 28 10
110 29 10
110 30 10
110 31 10
110 32 10
110 33 240
110 34 180
110 35 180
110 36 20
110 37 10
110 38 200
110 39 10
110 40 240
110 41 180
110 42 20
110 43 20
110 44 20
110 45 10
110 46 70
110 47 10
111 9 10
111 10 240
111 11 10
111 12 10
111 13 10
111 14 150
111 15 20
111 16 40
111 17 170
111 18 40
111 19 170
111 20 200
111 21 200
111 22 230
111 23 70
111 24 70
111 25 210
111 26 210
111 27 80
111 28 10
111 29 10
111 30 10
111 31 10
111 32 10
111 33 240
111 34 180
111 35 180
111 36 20
111 37 80
111 38 70
111 39 10
111 40 180
111 41 180
111 42 180
111 43 20
111 44 20
111 45 10
111 46 70
111 47 10
112 9 10
112 10 240
112 11 180
112 12 10
112 13 10
112 14 10
112 15 150
112 16 10
112 17 10
112 18 10
112 19 10
112 20 10
112 21 10
112 22 10
112 23 10
112 24 10
112 25 10
112 26 10
112 27 20
112 28 20
112 29 20
112 30 10
112 31 10
112 32 10
112 33 10
112 34 10
112 35 10
112 36 10
112 37 10
112 38 10
112 39 180
112 40 180
112 41 150
112 42 50
112 43 20
112 44 10
112 45 70
112 46 70
112 47 10
113 8 10
113 9 240
113 10 180
113 11 180
113 12 180
113 13 10
113 14 180
113 15 10
113 16 10
113 17 50
113 18 10
113 19 240
113 20 240
113 21 10
113 22 240
113 23 10
113 24 240
113 25 10
113 26 240
113 27 10
113 28 240
113 29 10
113 30 10
113 31 180
113 32 20
113 33 180
113 34 20
113 35 10
113 36 150
113 37 10
113 38 180
113 39 180
113 40 20
113 41 20
113 42 10
113 43 10
113 44 200
113 45 70
113 46 10
113 47 10
114 8 10
114 9 240
114 10 180
114 11 240
114 12 180
114 13 240
114 14 10
114 15 180
114 16 10
114 17 150
114 18 50
114 19 150
114 20 240
114 21 240
114 22 150
114 23 240
114 24 240
114 25 240
114 26 240
114 27 10
114 28 240
114 29 10
114 30 240
114 31 10
114 32 10
114 33 10
114 34 10
114 35 50
114 36 20
114 37 50
114 38 20
114 39 20
114 40 20
114 41 10
114 42 240
114 43 200
114 44 200
114 45 70
114 46 10
114 47 10
115 8 10
115 9 240
115 10 180
115 11 240
115 12 180
115 13 180
115 14 180
115 15 20
115 16 10
115 17 150
115 18 50
115 19 50
115 20 150
115 21 240
115 22 150
115 23 240
115 24 240
115 25 240
115 26 240
115 27 240
115 28 240
115 29 240
115 30 240
115 31 10
115 32 240
115 33 10
115 34 240
115 35 10
115 36 10
115 37 10
115 38 10
115 39 10
115 40 10
115 41 240
115 42 200
115 43 200
115 44 70
115 45 70
115 46 10
115 47 10
116 8 10
116 9 240
116 10 180
116 11 240
116 12 180
116 13 240
116 14 10
116 15 180
116 16 10
116 17 10
116 18 150
116 19 180
116 20 150
116 21 240
116 22 240
116 23 150
116 24 240
116 25 240
116 26 240
116 27 240
116 28 240
116 29 240
116 30 240
116 31 240
116 32 240
116 33 10
116 34 240
116 35 10
116 36 240
116 37 10
116 38 240
116 39 10
116 40 240
116 41 200
116 42 200
116 43 70
116 44 70
116 45 10
116 46 10
116 47 10
117 8 10
117 9 240
117 10 180
117 11 180
117 12 180
117 13 10
117 14 280
117 15 10
117 16 10
117 17 10
117 18 50
117 19 10
117 20 240
117 21 240
117 22 10
117 23 240
117 24 10
117 25 240
117 26 10
117 27 240
117 28 10
117 29 240
117 30 240
117 31 240
117 32 240
117 33 240
117 34 240
117 35 10
117 36 240
117 37 10
117 38 240
117 39 240
117 40 200
117 41 200
117 42 70
117 43 70
117 44 70
117 45 10
117 46 10
117 47 10
118 8 10
118 9 240
118 10 180
118 11 10
118 12 150
118 13 10
118 14 70
118 15 10
118 16 10
118 17 10
118 18 10
118 19 10
118 20 10
118 21 10
118 22 10
118 23 10
118 24 10
118 25 10
118 26 10
118 27 10
118 28 10
118 29 10
118 30 240
118 31 10
118 32 240
118 33 240
118 34 240
118 35 240
118 36 240
118 37 240
118 38 240
118 39 200
118 40 200
118 41 200
118 42 70
118 43 10
118 44 10
118 45 10
118 46 10
118 47 10
119 8 10
119 9 10
119 10 240
119 11 10
119 12 10
119 13 10
119 14 80
119 15 10
119 16 70
119 17 200
119 18 70
119 19 200
119 20 170
119 21 40
119 22 170
119 23 40
119 24 50
119 25 150
119 26 150
119 27 20
119 28 10
119 29 10
119 30 10
119 31 10
119 32 240
119 33 10
119 34 240
119 35 240
119 36 240
119 37 240
119 38 240
119 39 200
119 40 200
119 41 200
119 42 10
119 43 10
119 44 80
119 45 210
119 46 10
119 47 10
120 9 10
120 10 240
120 11 10
120 12 10
120 13 210
120 14 10
120 15 70
120 16 200
120 17 70
120 18 200
120 19 230
120 20 170
120 21 170
120 22 40
120 23 50
120 24 150
120 25 50
120 26 150
120 27 10
120 28 10
120 29 10
120 30 10
120 31 10
120 32 10
120 33 10
120 34 10
120 35 240 
120 36 10
120 37 240
120 38 10
120 39 200
120 40 10
120 41 10
120 42 10
120 43 10
120 44 10
120 45 10
120 46 10
120 47 10
121 9 10
121 10 240
121 11 180
121 12 10
121 13 10
121 14 70 
121 15 200
121 16 70
121 17 200
121 18 200
121 19 200
121 20 170
121 21 170
121 22 50
121 23 50
121 24 50
121 25 150
121 26 10
121 27 10
121 28 10
121 29 10
121 30 10
121 31 10
121 32 10
121 33 10
121 34 10
121 35 10
121 36 10
121 37 10
121 38 10
121 39 10
121 40 180
121 41 20
121 42 150
121 43 10
121 44 80
121 45 70
121 46 10
121 47 10
122 9 10
122 10 10
122 11 240
122 12 20
122 13 10
122 14 70
122 15 70
122 16 200
122 17 200
122 18 230
122 19 230
122 20 230
122 21 40
122 22 170
122 23 40
122 24 150
122 25 10
122 26 10
122 27 10
122 28 10
122 29 10
122 30 10
122 31 10
122 32 180
122 33 10
122 34 180
122 35 180
122 36 20
122 37 10
122 38 10
122 39 180
122 40 180
122 41 10
122 42 10
122 43 10
122 44 70
122 45 10
122 46 10
122 47 10
123 10 10
123 11 10
123 12 240
123 13 150
123 14 10
123 15 200
123 16 70
123 17 200
123 18 200
123 19 200
123 20 170
123 21 170
123 22 40
123 23 50
123 24 10
123 25 10
123 26 10
123 27 10
123 28 10
123 29 180
123 30 180
123 31 10
123 32 240
123 33 180
123 34 20
123 35 20
123 36 20
123 37 10
123 38 240
123 39 150
123 40 150
123 41 10
123 42 70
123 43 10
123 44 10
123 45 10
123 46 10
123 47 10