0 2 0
0 3 0
0 4 0
0 5 0

1 1 0
1 2 230
1 3 230
1 4 230
1 5 230

2 0 0
2 1 230
2 2 230
2 3 230
2 4 230
2 5 230

3 0 0
3 1 230
3 2 230
3 3 230
3 4 230
3 5 230

4 0 0
4 1 230
4 2 230
4 3 230
4 4 230
4 5 230

5 0 0
5 1 230
5 2 230
5 3 230
5 4 230
5 5 230

6 0 0
6 1 230
6 2 230
6 3 230
6 4 230
6 5 230

7 0 0
7 1 230
7 2 230
7 3 230
7 4 230
7 5 230

8 0 0
8 1 230
8 2 230
8 3 230
8 4 230
8 5 230

9 0 0
9 1 230
9 2 230
9 3 230
9 4 230
9 5 230

10 0 0
10 1 230
10 2 230
10 3 230
10 4 230
10 5 230

11 0 0
11 1 230
11 2 230
11 3 230
11 4 230
11 5 230

12 0 0
12 1 230
12 2 230
12 3 230
12 4 230
12 5 230

13 0 0
13 1 230
13 2 230
13 3 230
13 4 230
13 5 230

14 0 0
14 1 230
14 2 230
14 3 230
14 4 230
14 5 230

15 0 0
15 1 230
15 2 230
15 3 230
15 4 230
15 5 230

16 0 0
16 1 230
16 2 230
16 3 230
16 4 230
16 5 230

17 0 0
17 1 230
17 2 230
17 3 230
17 4 230
17 5 230

18 0 0
18 1 230
18 2 230
18 3 230
18 4 230
18 5 230

19 0 0
19 1 230
19 2 230
19 3 230
19 4 230
19 5 230

20 0 0
20 1 230
20 2 230
20 3 230
20 4 230
20 5 230

21 0 0
21 1 230
21 2 230
21 3 230
21 4 230
21 5 230

22 0 0
22 1 230
22 2 230
22 3 230
22 4 230
22 5 230

23 0 0
23 1 230
23 2 230
23 3 230
23 4 230
23 5 230

24 0 0
24 1 230
24 2 230
24 3 230
24 4 230
24 5 230

25 0 0
25 1 230
25 2 230
25 3 230
25 4 230
25 5 230

26 0 0
26 1 230
26 2 230
26 3 230
26 4 230
26 5 230

27 0 0
27 1 230
27 2 230
27 3 230
27 4 230
27 5 230

28 0 0
28 1 230
28 2 230
28 3 230
28 4 230
28 5 230

29 0 0
29 1 230
29 2 230
29 3 230
29 4 230
29 5 230

30 0 0
30 1 230
30 2 230
30 3 230
30 4 230
30 5 230

31 0 0
31 1 230
31 2 230
31 3 230
31 4 230
31 5 230

32 0 0
32 1 230
32 2 230
32 3 230
32 4 230
32 5 230

33 0 0
33 1 230
33 2 230
33 3 230
33 4 230
33 5 230

34 0 0
34 1 230
34 2 230
34 3 230
34 4 230
34 5 230

35 0 0
35 1 230
35 2 230
35 3 230
35 4 230
35 5 230

36 0 0
36 1 230
36 2 230
36 3 230
36 4 230
36 5 230

37 1 0
37 2 230
37 3 230
37 4 230
37 5 230

38 2 0
38 3 0
38 4 0
38 5 0
1 6 0

2 6 0

3 6 0

4 6 0

5 6 0

6 6 0

7 6 0

8 6 0

9 6 0

10 6 0

11 6 0

12 6 0

13 6 0

14 6 0

15 6 0

16 6 0

17 6 0

18 6 0

19 6 0

20 6 0

21 6 0

22 6 0

23 6 0

24 6 0

25 6 0

26 6 0

27 6 0

28 6 0

29 6 0

30 6 0

31 6 0

32 6 0

33 6 0

34 6 0

35 6 0

36 6 0

37 6 0