0 0 0
0 1 0
0 2 0
0 3 0
0 4 0
0 5 0
0 6 0
0 7 0
0 8 0
0 9 0

1 0 0
1 1 187
1 2 151
1 3 151
1 4 151
1 5 187
1 6 187
1 7 187
1 8 151
1 9 0

2 0 0
2 1 187
2 2 151
2 3 151
2 4 151
2 5 187
2 6 187
2 7 187
2 8 151
2 9 0

3 0 0
3 1 187
3 2 187
3 3 187
3 4 187
3 5 151
3 6 151
3 7 187
3 8 151
3 9 0

4 0 0
4 1 187
4 2 187
4 3 187
4 4 187
4 5 151
4 6 151
4 7 187
4 8 151
4 9 0

5 0 0
5 1 187
5 2 187
5 3 151
5 4 151
5 5 187
5 6 187
5 7 187
5 8 151
5 9 0

6 0 0
6 1 187
6 2 187
6 3 151
6 4 151
6 5 187
6 6 187
6 7 187
6 8 151
6 9 0

7 0 0
7 1 187
7 2 187
7 3 187
7 4 187
7 5 151
7 6 187
7 7 187
7 8 151
7 9 0

8 0 0
8 1 187
8 2 187
8 3 187
8 4 187
8 5 187
8 6 187
8 7 187
8 8 151
8 9 0

9 0 0
9 1 187
9 2 187
9 3 187
9 4 187
9 5 187
9 6 187
9 7 187
9 8 151
9 9 0

10 0 0
10 1 187
10 2 187
10 3 187
10 4 187
10 5 187
10 6 187
10 7 187
10 8 151
10 9 0

11 0 0
11 1 187
11 2 187
11 3 187
11 4 187
11 5 187
11 6 187
11 7 187
11 8 151
11 9 0

12 0 0
12 1 187
12 2 187
12 3 187
12 4 187
12 5 187
12 6 187
12 7 187
12 8 151
12 9 0

13 0 0
13 1 187
13 2 187
13 3 187
13 4 187
13 5 187
13 6 187
13 7 187
13 8 151
13 9 0

14 0 0
14 1 187
14 2 187
14 3 187
14 4 187
14 5 187
14 6 187
14 7 187
14 8 151
14 9 0

15 0 0
15 1 187
15 2 187
15 3 187
15 4 187
15 5 187
15 6 187
15 7 187
15 8 151
15 9 0

16 0 0
16 1 187
16 2 187
16 3 187
16 4 187
16 5 187
16 6 187
16 7 187
16 8 151
16 9 0

17 0 0
17 1 187
17 2 187
17 3 187
17 4 187
17 5 187
17 6 187
17 7 187
17 8 151
17 9 0

18 0 0
18 1 187
18 2 187
18 3 187
18 4 187
18 5 187
18 6 187
18 7 187
18 8 151
18 9 0

19 0 0
19 1 187
19 2 187
19 3 187
19 4 187
19 5 187
19 6 187
19 7 187
19 8 151
19 9 0

20 0 0
20 1 187
20 2 187
20 3 187
20 4 187
20 5 187
20 6 187
20 7 187
20 8 151
20 9 0

21 0 0
21 1 187
21 2 187
21 3 187
21 4 187
21 5 187
21 6 187
21 7 187
21 8 151
21 9 0

22 0 0
22 1 187
22 2 187
22 3 187
22 4 187
22 5 187
22 6 187
22 7 187
22 8 151
22 9 0

23 0 0
23 1 187
23 2 187
23 3 187
23 4 187
23 5 187
23 6 187
23 7 187
23 8 151
23 9 0

24 0 0
24 1 187
24 2 187
24 3 187
24 4 187
24 5 187
24 6 187
24 7 187
24 8 151
24 9 0

25 0 0
25 1 187
25 2 187
25 3 187
25 4 187
25 5 187
25 6 187
25 7 187
25 8 151
25 9 0

26 0 0
26 1 187
26 2 187
26 3 187
26 4 187
26 5 187
26 6 187
26 7 187
26 8 151
26 9 0

27 0 0
27 1 187
27 2 187
27 3 187
27 4 187
27 5 187
27 6 187
27 7 187
27 8 151
27 9 0

28 0 0
28 1 187
28 2 187
28 3 187
28 4 187
28 5 187
28 6 187
28 7 187
28 8 151
28 9 0

29 0 0
29 1 187
29 2 187
29 3 187
29 4 187
29 5 187
29 6 187
29 7 187
29 8 151
29 9 0

30 0 0
30 1 187
30 2 187
30 3 187
30 4 187
30 5 187
30 6 187
30 7 187
30 8 151
30 9 0

31 0 0
31 1 187
31 2 187
31 3 187
31 4 187
31 5 187
31 6 187
31 7 187
31 8 151
31 9 0

32 0 0
32 1 187
32 2 187
32 3 187
32 4 187
32 5 187
32 6 187
32 7 187
32 8 151
32 9 0

33 0 0
33 1 187
33 2 187
33 3 187
33 4 187
33 5 187
33 6 187
33 7 187
33 8 151
33 9 0

34 0 0
34 1 187
34 2 187
34 3 187
34 4 187
34 5 187
34 6 187
34 7 187
34 8 151
34 9 0

35 0 0
35 1 187
35 2 187
35 3 187
35 4 187
35 5 187
35 6 187
35 7 187
35 8 151
35 9 0

36 0 0
36 1 187
36 2 187
36 3 187
36 4 187
36 5 187
36 6 187
36 7 187
36 8 151
36 9 0

37 0 0
37 1 187
37 2 187
37 3 187
37 4 187
37 5 187
37 6 187
37 7 187
37 8 151
37 9 0

38 0 0
38 1 187
38 2 187
38 3 187
38 4 187
38 5 187
38 6 187
38 7 187
38 8 151
38 9 0

39 0 0
39 1 187
39 2 187
39 3 187
39 4 187
39 5 187
39 6 187
39 7 187
39 8 151
39 9 0

40 0 0
40 1 187
40 2 187
40 3 187
40 4 187
40 5 187
40 6 187
40 7 187
40 8 151
40 9 0

41 0 0
41 1 187
41 2 187
41 3 187
41 4 187
41 5 187
41 6 187
41 7 187
41 8 151
41 9 0

42 0 0
42 1 187
42 2 187
42 3 187
42 4 187
42 5 187
42 6 187
42 7 187
42 8 151
42 9 0

43 0 0
43 1 187
43 2 187
43 3 187
43 4 187
43 5 187
43 6 187
43 7 187
43 8 151
43 9 0

44 0 0
44 1 187
44 2 187
44 3 187
44 4 187
44 5 187
44 6 187
44 7 187
44 8 151
44 9 0

45 0 0
45 1 187
45 2 187
45 3 187
45 4 187
45 5 187
45 6 187
45 7 187
45 8 151
45 9 0

46 0 0
46 1 187
46 2 187
46 3 187
46 4 187
46 5 187
46 6 187
46 7 187
46 8 151
46 9 0

47 0 0
47 1 187
47 2 187
47 3 187
47 4 187
47 5 187
47 6 187
47 7 187
47 8 151
47 9 0

48 0 0
48 1 187
48 2 187
48 3 187
48 4 187
48 5 187
48 6 151
48 7 151
48 8 151
48 9 0

49 0 0
49 1 187
49 2 187
49 3 187
49 4 187
49 5 187
49 6 151
49 7 151
49 8 151
49 9 0

50 0 0
50 1 187
50 2 187
50 3 187
50 4 151
50 5 151
50 6 187
50 7 187
50 8 151
50 9 0

51 0 0
51 1 187
51 2 187
51 3 187
51 4 151
51 5 151
51 6 187
51 7 187
51 8 151
51 9 0

52 0 0
52 1 187
52 2 187
52 3 187
52 4 187
52 5 187
52 6 151
52 7 151
52 8 151
52 9 0

53 0 0
53 1 187
53 2 187
53 3 187
53 4 187
53 5 187
53 6 151
53 7 151
53 8 151
53 9 0

54 0 0
54 1 187
54 2 187
54 3 187
54 4 187
54 5 187
54 6 187
54 7 151
54 8 151
54 9 0

55 0 0
55 1 187
55 2 187
55 3 187
55 4 187
55 5 187
55 6 187
55 7 151
55 8 151
55 9 0

56 0 0
56 1 187
56 2 187
56 3 187
56 4 187
56 5 187
56 6 187
56 7 151
56 8 151
56 9 0

57 0 0
57 1 187
57 2 187
57 3 187
57 4 187
57 5 187
57 6 151
57 7 151
57 8 151
57 9 0

58 0 0
58 1 187
58 2 187
58 3 187
58 4 187
58 5 151
58 6 151
58 7 151
58 8 151
58 9 0

59 0 0
59 1 187
59 2 187
59 3 187
59 4 151
59 5 151
59 6 151
59 7 151
59 8 151
59 9 0

60 0 0
60 1 187
60 2 187
60 3 151
60 4 151
60 5 151
60 6 151
60 7 151
60 8 151
60 9 0

61 0 0
61 1 187
61 2 151
61 3 151
61 4 151
61 5 151
61 6 151
61 7 151
61 8 151
61 9 0

62 0 0
62 1 151
62 2 151
62 3 151
62 4 151
62 5 151
62 6 151
62 7 151
62 8 151
62 9 0

63 0 0
63 1 151
63 2 151
63 3 151
63 4 151
63 5 151
63 6 151
63 7 151
63 8 151
63 9 0

64 0 0
64 1 151
64 2 151
64 3 151
64 4 151
64 5 151
64 6 151
64 7 151
64 8 151
64 9 0

65 0 0
65 1 151
65 2 151
65 3 151
65 4 151
65 5 151
65 6 151
65 7 151
65 8 151
65 9 0

66 0 0
66 1 151
66 2 151
66 3 151
66 4 151
66 5 151
66 6 151
66 7 151
66 8 151
66 9 0

67 0 0
67 1 151
67 2 151
67 3 151
67 4 151
67 5 151
67 6 151
67 7 151
67 8 151
67 9 0

68 0 0
68 1 151
68 2 151
68 3 151
68 4 151
68 5 151
68 6 151
68 7 151
68 8 151
68 9 0

69 0 0
69 1 151
69 2 151
69 3 151
69 4 151
69 5 151
69 6 151
69 7 151
69 8 151
69 9 0

70 0 0
70 1 151
70 2 151
70 3 151
70 4 151
70 5 151
70 6 151
70 7 151
70 8 151
70 9 0

71 0 0
71 1 151
71 2 151
71 3 151
71 4 151
71 5 151
71 6 151
71 7 151
71 8 151
71 9 0

72 0 0
72 1 151
72 2 151
72 3 151
72 4 151
72 5 151
72 6 151
72 7 151
72 8 151
72 9 0

73 0 0
73 1 151
73 2 151
73 3 151
73 4 151
73 5 151
73 6 151
73 7 151
73 8 151
73 9 0

74 0 0
74 1 151
74 2 151
74 3 151
74 4 151
74 5 151
74 6 151
74 7 151
74 8 151
74 9 0

75 0 0
75 1 151
75 2 151
75 3 151
75 4 151
75 5 151
75 6 151
75 7 151
75 8 151
75 9 0

76 0 0
76 1 151
76 2 151
76 3 151
76 4 151
76 5 151
76 6 151
76 7 151
76 8 151
76 9 0

77 0 0
77 1 151
77 2 151
77 3 151
77 4 151
77 5 151
77 6 151
77 7 151
77 8 151
77 9 0

78 0 0
78 1 151
78 2 151
78 3 151
78 4 151
78 5 151
78 6 151
78 7 151
78 8 151
78 9 0

79 0 0
79 1 151
79 2 151
79 3 151
79 4 151
79 5 151
79 6 151
79 7 151
79 8 151
79 9 0

80 0 0
80 1 151
80 2 151
80 3 151
80 4 151
80 5 151
80 6 151
80 7 151
80 8 151
80 9 0

81 0 0
81 1 151
81 2 151
81 3 151
81 4 151
81 5 151
81 6 151
81 7 151
81 8 151
81 9 0

82 0 0
82 1 151
82 2 151
82 3 151
82 4 151
82 5 151
82 6 151
82 7 151
82 8 151
82 9 0

83 0 0
83 1 151
83 2 151
83 3 151
83 4 151
83 5 151
83 6 151
83 7 151
83 8 151
83 9 0

84 0 0
84 1 151
84 2 151
84 3 151
84 4 151
84 5 151
84 6 151
84 7 151
84 8 151
84 9 0

85 0 0
85 1 151
85 2 151
85 3 151
85 4 151
85 5 151
85 6 151
85 7 151
85 8 151
85 9 0

86 0 0
86 1 151
86 2 151
86 3 151
86 4 151
86 5 151
86 6 151
86 7 151
86 8 151
86 9 0

87 0 0
87 1 151
87 2 151
87 3 151
87 4 151
87 5 151
87 6 151
87 7 151
87 8 151
87 9 0

88 0 0
88 1 151
88 2 151
88 3 151
88 4 151
88 5 151
88 6 151
88 7 151
88 8 151
88 9 0

89 0 0
89 1 151
89 2 151
89 3 151
89 4 151
89 5 151
89 6 151
89 7 151
89 8 151
89 9 0

90 0 0
90 1 151
90 2 151
90 3 151
90 4 151
90 5 151
90 6 151
90 7 151
90 8 151
90 9 0

91 0 0
91 1 151
91 2 151
91 3 151
91 4 151
91 5 151
91 6 151
91 7 151
91 8 151
91 9 0

92 0 0
92 1 151
92 2 151
92 3 151
92 4 151
92 5 151
92 6 151
92 7 151
92 8 151
92 9 0

93 0 0
93 1 151
93 2 151
93 3 151
93 4 151
93 5 151
93 6 151
93 7 151
93 8 151
93 9 0

94 0 0
94 1 151
94 2 151
94 3 151
94 4 151
94 5 151
94 6 151
94 7 151
94 8 151
94 9 0

95 0 0
95 1 151
95 2 151
95 3 151
95 4 151
95 5 151
95 6 151
95 7 151
95 8 151
95 9 0

96 0 0
96 1 151
96 2 151
96 3 151
96 4 151
96 5 151
96 6 151
96 7 151
96 8 151
96 9 0

97 0 0
97 1 151
97 2 151
97 3 151
97 4 151
97 5 151
97 6 151
97 7 151
97 8 151
97 9 0

98 0 0
98 1 151
98 2 151
98 3 151
98 4 151
98 5 151
98 6 151
98 7 151
98 8 151
98 9 0

99 0 0
99 1 0
99 2 0
99 3 0
99 4 0
99 5 0
99 6 0
99 7 0
99 8 0
99 9 0

17 2 0
17 3 0
17 4 0
17 5 0
17 6 0

18 6 0

19 6 0

21 2 0
21 3 0
21 4 0
21 5 0
21 6 0

22 2 0
22 4 0
22 6 0

23 2 0
23 6 0

25 2 0
25 3 0
25 4 0
25 5 0

26 6 0

27 2 0
27 3 0
27 4 0
27 5 0

29 2 0
29 3 0
29 4 0
29 5 0
29 6 0

30 2 0
30 4 0
30 6 0

31 2 0
31 6 0

33 2 0
33 3 0
33 4 0
33 5 0
33 6 0

34 6 0

35 6 0

38 2 0

39 2 0
39 3 0
39 4 0
39 5 0
39 6 0

78 9 0
78 10 0
78 11 0
78 12 0
78 13 0
78 14 0
78 15 0
78 16 0
78 17 0
78 18 0
78 19 0
78 20 0
78 21 0
78 22 0
78 23 0
78 24 0
78 25 0
78 26 0
78 27 0
78 28 0
78 29 0
78 30 0
78 31 0
78 32 0
78 33 0
78 34 0
78 35 0
78 36 0
78 37 0
78 38 0
78 39 0
78 40 0
78 41 0
78 42 0

79 9 151
79 10 151
79 11 151
79 12 151
79 13 151
79 14 151
79 15 151
79 16 151
79 17 151
79 18 151
79 19 151
79 20 151
79 21 151
79 22 151
79 23 151
79 24 151
79 25 151
79 26 151
79 27 151
79 28 151
79 29 151
79 30 151
79 31 151
79 32 151
79 33 151
79 34 151
79 35 151
79 36 151
79 37 151
79 38 151
79 39 151
79 40 151
79 41 151
79 42 151

80 9 151
80 10 151
80 11 151
80 12 151
80 13 151
80 14 151
80 15 151
80 16 151
80 17 151
80 18 151
80 19 151
80 20 151
80 21 151
80 22 151
80 23 151
80 24 151
80 25 151
80 26 151
80 27 151
80 28 151
80 29 151
80 30 151
80 31 151
80 32 151
80 33 151
80 34 151
80 35 151
80 36 151
80 37 151
80 38 151
80 39 151
80 40 151
80 41 151
80 42 151

81 9 151
81 10 151
81 11 151
81 12 151
81 13 151
81 14 151
81 15 151
81 16 151
81 17 151
81 18 151
81 19 151
81 20 151
81 21 151
81 22 151
81 23 151
81 24 151
81 25 151
81 26 151
81 27 151
81 28 151
81 29 151
81 30 151
81 31 151
81 32 151
81 33 151
81 34 151
81 35 151
81 36 151
81 37 151
81 38 151
81 39 151
81 40 151
81 41 151
81 42 151

82 9 151
82 10 151
82 11 151
82 12 151
82 13 151
82 14 151
82 15 151
82 16 151
82 17 151
82 18 151
82 19 151
82 20 151
82 21 151
82 22 151
82 23 151
82 24 151
82 25 151
82 26 151
82 27 151
82 28 151
82 29 151
82 30 151
82 31 151
82 32 151
82 33 151
82 34 151
82 35 151
82 36 151
82 37 151
82 38 151
82 39 151
82 40 151
82 41 151
82 42 151

83 9 151
83 10 151
83 11 151
83 12 151
83 13 151
83 14 151
83 15 151
83 16 151
83 17 151
83 18 151
83 19 151
83 20 151
83 21 151
83 22 151
83 23 151
83 24 151
83 25 151
83 26 151
83 27 151
83 28 151
83 29 151
83 30 151
83 31 151
83 32 151
83 33 151
83 34 151
83 35 151
83 36 151
83 37 151
83 38 151
83 39 151
83 40 151
83 41 151
83 42 151

84 9 151
84 10 151
84 11 151
84 12 151
84 13 151
84 14 151
84 15 151
84 16 151
84 17 151
84 18 151
84 19 151
84 20 151
84 21 151
84 22 151
84 23 151
84 24 151
84 25 151
84 26 151
84 27 151
84 28 151
84 29 151
84 30 151
84 31 151
84 32 151
84 33 151
84 34 151
84 35 151
84 36 151
84 37 151
84 38 151
84 39 151
84 40 151
84 41 151
84 42 151

85 9 151
85 10 151
85 11 151
85 12 151
85 13 151
85 14 151
85 15 151
85 16 151
85 17 151
85 18 151
85 19 151
85 20 151
85 21 151
85 22 151
85 23 151
85 24 151
85 25 151
85 26 151
85 27 151
85 28 151
85 29 151
85 30 151
85 31 151
85 32 151
85 33 151
85 34 151
85 35 151
85 36 151
85 37 151
85 38 151
85 39 151
85 40 151
85 41 151
85 42 151

86 9 151
86 10 151
86 11 151
86 12 151
86 13 151
86 14 151
86 15 151
86 16 151
86 17 151
86 18 151
86 19 151
86 20 151
86 21 151
86 22 151
86 23 151
86 24 151
86 25 151
86 26 151
86 27 151
86 28 151
86 29 151
86 30 151
86 31 151
86 32 151
86 33 151
86 34 151
86 35 151
86 36 151
86 37 151
86 38 151
86 39 151
86 40 151
86 41 151
86 42 151

87 9 151
87 10 151
87 11 151
87 12 151
87 13 151
87 14 151
87 15 151
87 16 151
87 17 151
87 18 151
87 19 151
87 20 151
87 21 151
87 22 151
87 23 151
87 24 151
87 25 151
87 26 151
87 27 151
87 28 151
87 29 151
87 30 151
87 31 151
87 32 151
87 33 151
87 34 151
87 35 151
87 36 151
87 37 151
87 38 151
87 39 151
87 40 151
87 41 151
87 42 151

88 9 151
88 10 151
88 11 151
88 12 151
88 13 151
88 14 151
88 15 151
88 16 151
88 17 151
88 18 151
88 19 151
88 20 151
88 21 151
88 22 151
88 23 151
88 24 151
88 25 151
88 26 151
88 27 151
88 28 151
88 29 151
88 30 151
88 31 151
88 32 151
88 33 151
88 34 151
88 35 151
88 36 151
88 37 151
88 38 151
88 39 151
88 40 151
88 41 151
88 42 151

89 9 151
89 10 151
89 11 151
89 12 151
89 13 151
89 14 151
89 15 151
89 16 151
89 17 151
89 18 151
89 19 151
89 20 151
89 21 151
89 22 151
89 23 151
89 24 151
89 25 151
89 26 151
89 27 151
89 28 151
89 29 151
89 30 151
89 31 151
89 32 151
89 33 151
89 34 151
89 35 151
89 36 151
89 37 151
89 38 151
89 39 151
89 40 151
89 41 151
89 42 151

90 9 151
90 10 151
90 11 151
90 12 151
90 13 151
90 14 151
90 15 151
90 16 151
90 17 151
90 18 151
90 19 151
90 20 151
90 21 151
90 22 151
90 23 151
90 24 151
90 25 151
90 26 151
90 27 151
90 28 151
90 29 151
90 30 151
90 31 151
90 32 151
90 33 151
90 34 151
90 35 151
90 36 151
90 37 151
90 38 151
90 39 151
90 40 151
90 41 151
90 42 151

91 9 151
91 10 151
91 11 151
91 12 151
91 13 151
91 14 151
91 15 151
91 16 151
91 17 151
91 18 151
91 19 151
91 20 151
91 21 151
91 22 151
91 23 151
91 24 151
91 25 151
91 26 151
91 27 151
91 28 151
91 29 151
91 30 151
91 31 151
91 32 151
91 33 151
91 34 151
91 35 151
91 36 151
91 37 151
91 38 151
91 39 151
91 40 151
91 41 151
91 42 151

92 9 151
92 10 151
92 11 151
92 12 151
92 13 151
92 14 151
92 15 151
92 16 151
92 17 151
92 18 151
92 19 151
92 20 151
92 21 151
92 22 151
92 23 151
92 24 151
92 25 151
92 26 151
92 27 151
92 28 151
92 29 151
92 30 151
92 31 151
92 32 151
92 33 151
92 34 151
92 35 151
92 36 151
92 37 151
92 38 151
92 39 151
92 40 151
92 41 151
92 42 151

93 9 151
93 10 151
93 11 151
93 12 151
93 13 151
93 14 151
93 15 151
93 16 151
93 17 151
93 18 151
93 19 151
93 20 151
93 21 151
93 22 151
93 23 151
93 24 151
93 25 151
93 26 151
93 27 151
93 28 151
93 29 151
93 30 151
93 31 151
93 32 151
93 33 151
93 34 151
93 35 151
93 36 151
93 37 151
93 38 151
93 39 151
93 40 151
93 41 151
93 42 151

94 9 151
94 10 151
94 11 151
94 12 151
94 13 151
94 14 151
94 15 151
94 16 151
94 17 151
94 18 151
94 19 151
94 20 151
94 21 151
94 22 151
94 23 151
94 24 151
94 25 151
94 26 151
94 27 151
94 28 151
94 29 151
94 30 151
94 31 151
94 32 151
94 33 151
94 34 151
94 35 151
94 36 151
94 37 151
94 38 151
94 39 151
94 40 151
94 41 151
94 42 151

95 9 151
95 10 151
95 11 151
95 12 151
95 13 151
95 14 151
95 15 151
95 16 151
95 17 151
95 18 151
95 19 151
95 20 151
95 21 151
95 22 151
95 23 151
95 24 151
95 25 151
95 26 151
95 27 151
95 28 151
95 29 151
95 30 151
95 31 151
95 32 151
95 33 151
95 34 151
95 35 151
95 36 151
95 37 151
95 38 151
95 39 151
95 40 151
95 41 151
95 42 151

96 9 151
96 10 151
96 11 151
96 12 151
96 13 151
96 14 151
96 15 151
96 16 151
96 17 151
96 18 151
96 19 151
96 20 151
96 21 151
96 22 151
96 23 151
96 24 151
96 25 151
96 26 151
96 27 151
96 28 151
96 29 151
96 30 151
96 31 151
96 32 151
96 33 151
96 34 151
96 35 151
96 36 151
96 37 151
96 38 151
96 39 151
96 40 151
96 41 151
96 42 151

97 9 151
97 10 151
97 11 151
97 12 151
97 13 151
97 14 151
97 15 151
97 16 151
97 17 151
97 18 151
97 19 151
97 20 151
97 21 151
97 22 151
97 23 151
97 24 151
97 25 151
97 26 151
97 27 151
97 28 151
97 29 151
97 30 151
97 31 151
97 32 151
97 33 151
97 34 151
97 35 151
97 36 151
97 37 151
97 38 151
97 39 151
97 40 151
97 41 151
97 42 151

98 9 151
98 10 151
98 11 151
98 12 151
98 13 151
98 14 151
98 15 151
98 16 151
98 17 151
98 18 151
98 19 151
98 20 151
98 21 151
98 22 151
98 23 151
98 24 151
98 25 151
98 26 151
98 27 151
98 28 151
98 29 151
98 30 151
98 31 151
98 32 151
98 33 151
98 34 151
98 35 151
98 36 151
98 37 151
98 38 151
98 39 151
98 40 151
98 41 151
98 42 151

0 0 0
0 1 0
0 2 0
0 3 0
0 4 0
0 5 0
0 6 0
0 7 0
0 8 0
0 9 0
0 10 0
0 11 0
0 12 0
0 13 0
0 14 0
0 15 0
0 16 0
0 17 0
0 18 0
0 19 0
0 20 0
0 21 0
0 22 0
0 23 0
0 24 0
0 25 0
0 26 0
0 27 0
0 28 0
0 29 0
0 30 0
0 31 0
0 32 0
0 33 0
0 34 0
0 35 0
0 36 0
0 37 0
0 38 0
0 39 0
0 40 0
0 41 0
0 42 0
0 43 0

1 0 0
1 43 0

2 0 0
2 43 0

3 0 0
3 43 0

4 0 0
4 43 0

5 0 0
5 43 0

6 0 0
6 43 0

7 0 0
7 43 0

8 0 0
8 43 0

9 0 0
9 43 0

10 0 0
10 43 0

11 0 0
11 43 0

12 0 0
12 43 0

13 0 0
13 43 0

14 0 0
14 43 0

15 0 0
15 43 0

16 0 0
16 43 0

17 0 0
17 43 0

18 0 0
18 43 0

19 0 0
19 43 0

20 0 0
20 43 0

21 0 0
21 43 0

22 0 0
22 43 0

23 0 0
23 43 0

24 0 0
24 43 0

25 0 0
25 43 0

26 0 0
26 43 0

27 0 0
27 43 0

28 0 0
28 43 0

29 0 0
29 43 0

30 0 0
30 43 0

31 0 0
31 43 0

32 0 0
32 43 0

33 0 0
33 43 0

34 0 0
34 43 0

35 0 0
35 43 0

36 0 0
36 43 0

37 0 0
37 43 0

38 0 0
38 43 0

39 0 0
39 43 0

40 0 0
40 43 0

41 0 0
41 43 0

42 0 0
42 43 0

43 0 0
43 43 0

44 0 0
44 43 0

45 0 0
45 43 0

46 0 0
46 43 0

47 0 0
47 43 0

48 0 0
48 43 0

49 0 0
49 43 0

50 0 0
50 43 0

51 0 0
51 43 0

52 0 0
52 43 0

53 0 0
53 43 0

54 0 0
54 43 0

55 0 0
55 43 0

56 0 0
56 43 0

57 0 0
57 43 0

58 0 0
58 43 0

59 0 0
59 43 0

60 0 0
60 43 0

61 0 0
61 43 0

62 0 0
62 43 0

63 0 0
63 43 0

64 0 0
64 43 0

65 0 0
65 43 0

66 0 0
66 43 0

67 0 0
67 43 0

68 0 0
68 43 0

69 0 0
69 43 0

70 0 0
70 43 0

71 0 0
71 43 0

72 0 0
72 43 0

73 0 0
73 43 0

74 0 0
74 43 0

75 0 0
75 43 0

76 0 0
76 43 0

77 0 0
77 43 0

78 0 0
78 43 0

79 0 0
79 43 0

80 0 0
80 43 0

81 0 0
81 43 0

82 0 0
82 43 0

83 0 0
83 43 0

84 0 0
84 43 0

85 0 0
85 43 0

86 0 0
86 43 0

87 0 0
87 43 0

88 0 0
88 43 0

89 0 0
89 43 0

90 0 0
90 43 0

91 0 0
91 43 0

92 0 0
92 43 0

93 0 0
93 43 0

94 0 0
94 43 0

95 0 0
95 43 0

96 0 0
96 43 0

97 0 0
97 43 0

98 0 0
98 43 0

99 0 0
99 1 0
99 2 0
99 3 0
99 4 0
99 5 0
99 6 0
99 7 0
99 8 0
99 9 0
99 10 0
99 11 0
99 12 0
99 13 0
99 14 0
99 15 0
99 16 0
99 17 0
99 18 0
99 19 0
99 20 0
99 21 0
99 22 0
99 23 0
99 24 0
99 25 0
99 26 0
99 27 0
99 28 0
99 29 0
99 30 0
99 31 0
99 32 0
99 33 0
99 34 0
99 35 0
99 36 0
99 37 0
99 38 0
99 39 0
99 40 0
99 41 0
99 42 0
99 43 0