0 7 0
0 8 0
0 9 0
0 10 0
0 11 0
0 12 0
0 13 0
0 14 0

1 6 0
1 7 187
1 8 187
1 9 187
1 10 187
1 11 187
1 12 187
1 13 187
1 14 187
1 15 0

2 5 0
2 6 187
2 7 187
2 8 187
2 9 187
2 10 187
2 11 187
2 12 187
2 13 187
2 14 187
2 15 187
2 16 0

3 4 0
3 5 187
3 6 187
3 7 187
3 8 187
3 9 187
3 10 187
3 11 187
3 12 187
3 13 187
3 14 187
3 15 187
3 16 187
3 17 0

4 3 0
4 4 187
4 5 187
4 6 187
4 7 187
4 8 187
4 9 187
4 10 187
4 11 187
4 12 187
4 13 187
4 14 187
4 15 187
4 16 187
4 17 187
4 18 0

5 2 0
5 3 187
5 4 187
5 5 187
5 6 187
5 7 187
5 8 187
5 9 187
5 10 187
5 11 187
5 12 187
5 13 187
5 14 187
5 15 187
5 16 187
5 17 187
5 18 187
5 19 0

6 1 0
6 2 187
6 3 187
6 4 187
6 5 187
6 6 187
6 7 187
6 8 187
6 9 187
6 10 187
6 11 187
6 12 187
6 13 0
6 14 0
6 15 0
6 16 187
6 17 187
6 18 187
6 19 187
6 20 0

7 0 0
7 1 187
7 2 187
7 3 187
7 4 187
7 5 187
7 6 187
7 7 187
7 8 187
7 9 187
7 10 187
7 11 187
7 12 187
7 13 0
7 14 187
7 15 0
7 16 187
7 17 187
7 18 187
7 19 187
7 20 187
7 21 0

8 0 0
8 1 187
8 2 187
8 3 187
8 4 187
8 5 187
8 6 187
8 7 187
8 8 0
8 9 0
8 10 0
8 11 0
8 12 0
8 13 0
8 14 0
8 15 0
8 16 187
8 17 187
8 18 187
8 19 187
8 20 187
8 21 0

9 0 0
9 1 187
9 2 187
9 3 187
9 4 187
9 5 187
9 6 187
9 7 0
9 8 0
9 9 187
9 10 0
9 11 187
9 12 187
9 13 187
9 14 187
9 15 187
9 16 187
9 17 187
9 18 187
9 19 187
9 20 187
9 21 0

10 0 0
10 1 187
10 2 187
10 3 187
10 4 187
10 5 187
10 6 187
10 7 0
10 8 187
10 9 187
10 10 0
10 11 187
10 12 187
10 13 187
10 14 187
10 15 187
10 16 187
10 17 187
10 18 187
10 19 187
10 20 187
10 21 0

11 0 0
11 1 187
11 2 187
11 3 187
11 4 187
11 5 187
11 6 187
11 7 0
11 8 187
11 9 0
11 10 187
11 11 187
11 12 187
11 13 187
11 14 187
11 15 187
11 16 187
11 17 187
11 18 187
11 19 187
11 20 187
11 21 0

12 0 0
12 1 187
12 2 187
12 3 187
12 4 187
12 5 187
12 6 0
12 7 0
12 8 187
12 9 0
12 10 187
12 11 187
12 12 187
12 13 187
12 14 187
12 15 187
12 16 187
12 17 187
12 18 187
12 19 187
12 20 187
12 21 0

13 0 0
13 1 187
13 2 187
13 3 187
13 4 187
13 5 187
13 6 0
13 7 187
13 8 187
13 9 0
13 10 187
13 11 0
13 12 0
13 13 0
13 14 187
13 15 187
13 16 187
13 17 187
13 18 187
13 19 187
13 20 187
13 21 0

14 0 0
14 1 187
14 2 187
14 3 187
14 4 187
14 5 187
14 6 0
14 7 187
14 8 0
14 9 187
14 10 187
14 11 0
14 12 187
14 13 0
14 14 187
14 15 187
14 16 187
14 17 187
14 18 187
14 19 187
14 20 187
14 21 0

15 1 0
15 2 187
15 3 187
15 4 187
15 5 187
15 6 0
15 7 0
15 8 0
15 9 0
15 10 0
15 11 0
15 12 0
15 13 0
15 14 187
15 15 187
15 16 187
15 17 187
15 18 187
15 19 187
15 20 0

16 2 0
16 3 187
16 4 187
16 5 187
16 6 187
16 7 187
16 8 187
16 9 187
16 10 187
16 11 187
16 12 187
16 13 187
16 14 187
16 15 187
16 16 187
16 17 187
16 18 187
16 19 0

17 3 0
17 4 187
17 5 187
17 6 187
17 7 187
17 8 187
17 9 187
17 10 187
17 11 187
17 12 187
17 13 187
17 14 187
17 15 187
17 16 187
17 17 187
17 18 0

18 4 0
18 5 187
18 6 187
18 7 187
18 8 187
18 9 187
18 10 187
18 11 187
18 12 187
18 13 187
18 14 187
18 15 187
18 16 187
18 17 0

19 5 0
19 6 187
19 7 187
19 8 187
19 9 187
19 10 187
19 11 187
19 12 187
19 13 187
19 14 187
19 15 187
19 16 0

20 6 0
20 7 187
20 8 187
20 9 187
20 10 187
20 11 187
20 12 187
20 13 187
20 14 187
20 15 0

21 7 0
21 8 0
21 9 0
21 10 0
21 11 0
21 12 0
21 13 0
21 14 0