0 7 0
0 8 0
0 9 0
0 10 0
0 11 0
0 12 0
0 13 0
0 14 0

1 6 0
1 7 200
1 8 200
1 9 200
1 10 200
1 11 200
1 12 200
1 13 200
1 14 200
1 15 0

2 5 0
2 6 200
2 7 200
2 8 200
2 9 200
2 10 200
2 11 200
2 12 200
2 13 200
2 14 200
2 15 200
2 16 0

3 4 0
3 5 200
3 6 200
3 7 200
3 8 200
3 9 200
3 10 200
3 11 200
3 12 200
3 13 200
3 14 200
3 15 200
3 16 200
3 17 0

4 3 0
4 4 200
4 5 200
4 6 200
4 7 200
4 8 200
4 9 200
4 10 200
4 11 200
4 12 200
4 13 200
4 14 200
4 15 200
4 16 200
4 17 200
4 18 0

5 2 0
5 3 200
5 4 200
5 5 200
5 6 200
5 7 200
5 8 200
5 9 200
5 10 200
5 11 200
5 12 200
5 13 200
5 14 200
5 15 200
5 16 200
5 17 200
5 18 200
5 19 0

6 1 0
6 2 200
6 3 200
6 4 200
6 5 200
6 6 200
6 7 200
6 8 200
6 9 200
6 10 200
6 11 200
6 12 200
6 13 0
6 14 0
6 15 0
6 16 200
6 17 200
6 18 200
6 19 200
6 20 0

7 0 0
7 1 200
7 2 200
7 3 200
7 4 200
7 5 200
7 6 200
7 7 200
7 8 200
7 9 200
7 10 200
7 11 200
7 12 200
7 13 0
7 14 200
7 15 0
7 16 200
7 17 200
7 18 200
7 19 200
7 20 200
7 21 0

8 0 0
8 1 200
8 2 200
8 3 200
8 4 200
8 5 200
8 6 200
8 7 200
8 8 0
8 9 0
8 10 0
8 11 0
8 12 0
8 13 0
8 14 0
8 15 0
8 16 200
8 17 200
8 18 200
8 19 200
8 20 200
8 21 0

9 0 0
9 1 200
9 2 200
9 3 200
9 4 200
9 5 200
9 6 200
9 7 0
9 8 0
9 9 200
9 10 0
9 11 200
9 12 200
9 13 200
9 14 200
9 15 200
9 16 200
9 17 200
9 18 200
9 19 200
9 20 200
9 21 0

10 0 0
10 1 200
10 2 200
10 3 200
10 4 200
10 5 200
10 6 200
10 7 0
10 8 200
10 9 200
10 10 0
10 11 200
10 12 200
10 13 200
10 14 200
10 15 200
10 16 200
10 17 200
10 18 200
10 19 200
10 20 200
10 21 0

11 0 0
11 1 200
11 2 200
11 3 200
11 4 200
11 5 200
11 6 200
11 7 0
11 8 200
11 9 0
11 10 200
11 11 200
11 12 200
11 13 200
11 14 200
11 15 200
11 16 200
11 17 200
11 18 200
11 19 200
11 20 200
11 21 0

12 0 0
12 1 200
12 2 200
12 3 200
12 4 200
12 5 200
12 6 0
12 7 0
12 8 200
12 9 0
12 10 200
12 11 200
12 12 200
12 13 200
12 14 200
12 15 200
12 16 200
12 17 200
12 18 200
12 19 200
12 20 200
12 21 0

13 0 0
13 1 200
13 2 200
13 3 200
13 4 200
13 5 200
13 6 0
13 7 200
13 8 200
13 9 0
13 10 200
13 11 0
13 12 0
13 13 0
13 14 200
13 15 200
13 16 200
13 17 200
13 18 200
13 19 200
13 20 200
13 21 0

14 0 0
14 1 200
14 2 200
14 3 200
14 4 200
14 5 200
14 6 0
14 7 200
14 8 0
14 9 200
14 10 200
14 11 0
14 12 200
14 13 0
14 14 200
14 15 200
14 16 200
14 17 200
14 18 200
14 19 200
14 20 200
14 21 0

15 1 0
15 2 200
15 3 200
15 4 200
15 5 200
15 6 0
15 7 0
15 8 0
15 9 0
15 10 0
15 11 0
15 12 0
15 13 0
15 14 200
15 15 200
15 16 200
15 17 200
15 18 200
15 19 200
15 20 0

16 2 0
16 3 200
16 4 200
16 5 200
16 6 200
16 7 200
16 8 200
16 9 200
16 10 200
16 11 200
16 12 200
16 13 200
16 14 200
16 15 200
16 16 200
16 17 200
16 18 200
16 19 0

17 3 0
17 4 200
17 5 200
17 6 200
17 7 200
17 8 200
17 9 200
17 10 200
17 11 200
17 12 200
17 13 200
17 14 200
17 15 200
17 16 200
17 17 200
17 18 0

18 4 0
18 5 200
18 6 200
18 7 200
18 8 200
18 9 200
18 10 200
18 11 200
18 12 200
18 13 200
18 14 200
18 15 200
18 16 200
18 17 0

19 5 0
19 6 200
19 7 200
19 8 200
19 9 200
19 10 200
19 11 200
19 12 200
19 13 200
19 14 200
19 15 200
19 16 0

20 6 0
20 7 200
20 8 200
20 9 200
20 10 200
20 11 200
20 12 200
20 13 200
20 14 200
20 15 0

21 7 0
21 8 0
21 9 0
21 10 0
21 11 0
21 12 0
21 13 0
21 14 0

4 17 70

5 16 70
5 17 70

6 15 70
6 16 70

7 14 70
7 15 70

8 13 70
8 14 70

9 12 70
9 13 70

10 11 70
10 12 70

11 10 70
11 11 70

12 9 70
12 10 70

13 8 70
13 9 70

14 7 70
14 8 70

15 6 70
15 7 70

16 5 70
16 6 70

17 4 70
17 5 70