0 0 0
0 1 0
0 2 0
0 3 0
0 4 0
0 5 0
0 6 0
0 7 0
0 8 0
0 9 0
0 10 0
0 11 0
0 12 0
0 13 0
0 14 0
0 15 0
0 16 0
0 17 0
0 18 0
0 19 0
0 20 0
0 21 0
0 22 0
0 23 0
0 24 0
0 25 0
0 26 0
0 27 0
0 28 0
0 29 0
0 30 0
0 31 0
0 32 0
0 33 0
0 34 0
0 35 0
0 36 0
0 37 0
0 38 0
0 39 0
0 40 0
0 41 0
0 42 0
0 43 0
0 44 0
0 45 0
0 46 0
0 47 0
0 48 0
0 49 0
0 50 0
0 51 0
0 52 0
0 53 0
0 54 0
0 55 0
0 56 0
0 57 0
0 58 0
0 59 0
0 60 0
0 61 0
0 62 0
0 63 0
0 64 0
0 65 0
0 66 0
0 67 0
0 68 0
0 69 0
0 70 0
0 71 0
0 72 0
0 73 0
0 74 0
0 75 0
0 76 0
0 77 0
0 78 0
0 79 0
0 80 0
0 81 0
0 82 0
0 83 0
0 84 0
0 85 0
0 86 0
0 87 0
0 88 0
0 89 0
0 90 0
0 91 0
0 92 0
0 93 0
0 94 0
0 95 0
0 96 0
0 97 0
0 98 0
0 99 0

1 0 0
1 99 0

2 0 0
2 99 0

3 0 0
3 99 0

4 0 0
4 99 0

5 0 0
5 99 0

6 0 0
6 99 0

7 0 0
7 99 0

8 0 0
8 99 0

9 0 0
9 99 0

10 0 0
10 99 0

11 0 0
11 99 0

12 0 0
12 99 0

13 0 0
13 99 0

14 0 0
14 99 0

15 0 0
15 99 0

16 0 0
16 99 0

17 0 0
17 99 0

18 0 0
18 99 0

19 0 0
19 99 0

20 0 0
20 99 0

21 0 0
21 99 0

22 0 0
22 99 0

23 0 0
23 99 0

24 0 0
24 99 0

25 0 0
25 99 0

26 0 0
26 99 0

27 0 0
27 99 0

28 0 0
28 99 0

29 0 0
29 99 0

30 0 0
30 99 0

31 0 0
31 99 0

32 0 0
32 99 0

33 0 0
33 99 0

34 0 0
34 99 0

35 0 0
35 99 0

36 0 0
36 99 0

37 0 0
37 99 0

38 0 0
38 99 0

39 0 0
39 99 0

40 0 0
40 99 0

41 0 0
41 99 0

42 0 0
42 99 0

43 0 0
43 99 0

44 0 0
44 99 0

45 0 0
45 99 0

46 0 0
46 99 0

47 0 0
47 99 0

48 0 0
48 99 0

49 0 0
49 99 0

50 0 0
50 99 0

51 0 0
51 99 0

52 0 0
52 99 0

53 0 0
53 99 0

54 0 0
54 99 0

55 0 0
55 99 0

56 0 0
56 99 0

57 0 0
57 99 0

58 0 0
58 99 0

59 0 0
59 99 0

60 0 0
60 99 0

61 0 0
61 99 0

62 0 0
62 99 0

63 0 0
63 99 0

64 0 0
64 99 0

65 0 0
65 99 0

66 0 0
66 99 0

67 0 0
67 99 0

68 0 0
68 99 0

69 0 0
69 99 0

70 0 0
70 99 0

71 0 0
71 99 0

72 0 0
72 99 0

73 0 0
73 99 0

74 0 0
74 99 0

75 0 0
75 99 0

76 0 0
76 99 0

77 0 0
77 99 0

78 0 0
78 99 0

79 0 0
79 99 0

80 0 0
80 99 0

81 0 0
81 99 0

82 0 0
82 99 0

83 0 0
83 99 0

84 0 0
84 99 0

85 0 0
85 99 0

86 0 0
86 99 0

87 0 0
87 99 0

88 0 0
88 99 0

89 0 0
89 99 0

90 0 0
90 99 0

91 0 0
91 99 0

92 0 0
92 99 0

93 0 0
93 99 0

94 0 0
94 99 0

95 0 0
95 99 0

96 0 0
96 99 0

97 0 0
97 99 0

98 0 0
98 99 0

99 0 0
99 99 0

100 0 0
100 99 0

101 0 0
101 99 0

102 0 0
102 99 0

103 0 0
103 99 0

104 0 0
104 99 0

105 0 0
105 99 0

106 0 0
106 99 0

107 0 0
107 99 0

108 0 0
108 99 0

109 0 0
109 99 0

110 0 0
110 99 0

111 0 0
111 99 0

112 0 0
112 99 0

113 0 0
113 99 0

114 0 0
114 99 0

115 0 0
115 99 0

116 0 0
116 99 0

117 0 0
117 99 0

118 0 0
118 99 0

119 0 0
119 99 0

120 0 0
120 99 0

121 0 0
121 99 0

122 0 0
122 99 0

123 0 0
123 99 0

124 0 0
124 99 0

125 0 0
125 99 0

126 0 0
126 99 0

127 0 0
127 99 0

128 0 0
128 99 0

129 0 0
129 99 0

130 0 0
130 99 0

131 0 0
131 99 0

132 0 0
132 99 0

133 0 0
133 99 0

134 0 0
134 99 0

135 0 0
135 99 0

136 0 0
136 99 0

137 0 0
137 99 0

138 0 0
138 99 0

139 0 0
139 99 0

140 0 0
140 99 0

141 0 0
141 99 0

142 0 0
142 99 0

143 0 0
143 99 0

144 0 0
144 99 0

145 0 0
145 99 0

146 0 0
146 99 0

147 0 0
147 99 0

148 0 0
148 99 0

149 0 0
149 1 0
149 2 0
149 3 0
149 4 0
149 5 0
149 6 0
149 7 0
149 8 0
149 9 0
149 10 0
149 11 0
149 12 0
149 13 0
149 14 0
149 15 0
149 16 0
149 17 0
149 18 0
149 19 0
149 20 0
149 21 0
149 22 0
149 23 0
149 24 0
149 25 0
149 26 0
149 27 0
149 28 0
149 29 0
149 30 0
149 31 0
149 32 0
149 33 0
149 34 0
149 35 0
149 36 0
149 37 0
149 38 0
149 39 0
149 40 0
149 41 0
149 42 0
149 43 0
149 44 0
149 45 0
149 46 0
149 47 0
149 48 0
149 49 0
149 50 0
149 51 0
149 52 0
149 53 0
149 54 0
149 55 0
149 56 0
149 57 0
149 58 0
149 59 0
149 60 0
149 61 0
149 62 0
149 63 0
149 64 0
149 65 0
149 66 0
149 67 0
149 68 0
149 69 0
149 70 0
149 71 0
149 72 0
149 73 0
149 74 0
149 75 0
149 76 0
149 77 0
149 78 0
149 79 0
149 80 0
149 81 0
149 82 0
149 83 0
149 84 0
149 85 0
149 86 0
149 87 0
149 88 0
149 89 0
149 90 0
149 91 0
149 92 0
149 93 0
149 94 0
149 95 0
149 96 0
149 97 0
149 98 0
149 99 0