25 0 0
26 0 0
27 0 0
24 1 0
25 1 225
26 1 225
27 1 225
28 1 0
2 2 0
3 2 0
4 2 0
5 2 0
23 2 0
24 2 96
25 2 225
26 2 225
27 2 225
28 2 225
29 2 0
1 3 0
2 3 225
3 3 225
4 3 0
5 3 0
6 3 0
22 3 0
23 3 96
24 3 96
25 3 225
26 3 225
27 3 225
28 3 225
29 3 0
0 4 0
1 4 225
2 4 225
3 4 225
4 4 225
5 4 0
6 4 0
7 4 0
15 4 0
16 4 0
17 4 0
18 4 0
19 4 0
20 4 0
21 4 0
22 4 0
23 4 96
24 4 225
25 4 225
26 4 225
27 4 225
28 4 225
29 4 0
0 5 0
1 5 225
2 5 225
3 5 225
4 5 225
5 5 225
6 5 225
7 5 0
8 5 0
13 5 0
14 5 0
15 5 0
16 5 96
17 5 225
18 5 225
19 5 225
20 5 225
21 5 225
22 5 225
23 5 96
24 5 225
25 5 225
26 5 225
27 5 225
28 5 225
29 5 0
1 6 0
2 6 225
3 6 225
4 6 225
5 6 225
6 6 225
7 6 0
8 6 0
9 6 0
11 6 0
12 6 0
13 6 96
14 6 96
15 6 96
16 6 96
17 6 225
18 6 225
19 6 225
20 6 225
21 6 225
22 6 225
23 6 225
24 6 96
25 6 96
26 6 225
27 6 225
28 6 225
29 6 0
1 7 0
2 7 225
3 7 225
4 7 225
5 7 225
6 7 225
7 7 96
8 7 0
9 7 0
10 7 0
11 7 0
12 7 96
13 7 96
14 7 96
15 7 225
16 7 225
17 7 225
18 7 225
19 7 225
20 7 225
21 7 225
22 7 225
23 7 0
24 7 0
25 7 0
26 7 96
27 7 225
28 7 225
29 7 0
1 8 0
2 8 225
3 8 225
4 8 225
5 8 225
6 8 225
7 8 96
8 8 0
9 8 0
10 8 0
11 8 96
12 8 96
13 8 0
14 8 0
15 8 0
16 8 225
17 8 225
18 8 225
19 8 225
20 8 225
21 8 225
22 8 0
23 8 0
24 8 225
25 8 225
26 8 225
27 8 96
28 8 225
29 8 0
2 9 0
3 9 225
4 9 225
5 9 225
6 9 225
7 9 96
8 9 96
9 9 0
10 9 96
11 9 96
12 9 0
13 9 0
14 9 225
15 9 225
16 9 225
17 9 225
18 9 225
19 9 225
20 9 225
21 9 225
22 9 225
23 9 225
24 9 225
25 9 225
26 9 225
27 9 225
28 9 0
29 9 0
2 10 0
3 10 225
4 10 225
5 10 225
6 10 225
7 10 96
8 10 96
9 10 96
10 10 96
11 10 96
12 10 96
13 10 225
14 10 225
15 10 225
16 10 225
17 10 225
18 10 225
19 10 225
20 10 225
21 10 225
22 10 225
23 10 225
24 10 225
25 10 225
26 10 225
27 10 225
28 10 225
29 10 225
30 10 0
3 11 0
4 11 225
5 11 225
6 11 96
7 11 96
8 11 96
9 11 96
10 11 96
11 11 96
12 11 225
13 11 225
14 11 225
15 11 225
16 11 225
17 11 225
18 11 0
19 11 0
20 11 0
21 11 0
22 11 0
23 11 0
24 11 0
25 11 225
26 11 225
27 11 225
28 11 225
29 11 225
30 11 0
3 12 0
4 12 96
5 12 96
6 12 96
7 12 96
8 12 96
9 12 225
10 12 96
11 12 225
12 12 225
13 12 225
14 12 225
15 12 225
16 12 225
17 12 0
18 12 64
19 12 64
20 12 64
21 12 64
22 12 64
23 12 64
24 12 0
25 12 0
26 12 225
27 12 225
28 12 225
29 12 225
30 12 0
4 13 0
5 13 96
6 13 96
7 13 225
8 13 225
9 13 96
10 13 96
11 13 225
12 13 225
13 13 225
14 13 225
15 13 225
16 13 0
17 13 64
18 13 64
19 13 64
20 13 64
21 13 64
22 13 64
23 13 64
24 13 64
25 13 64
26 13 0
27 13 225
28 13 225
29 13 225
30 13 225
31 13 0
4 14 0
5 14 225
6 14 225
7 14 96
8 14 225
9 14 225
10 14 96
11 14 225
12 14 225
13 14 225
14 14 225
15 14 0
16 14 64
17 14 64
18 14 64
19 14 64
20 14 64
21 14 64
22 14 64
23 14 64
24 14 64
25 14 64
26 14 64
27 14 0
28 14 225
29 14 225
30 14 225
31 14 0
4 15 0
5 15 225
6 15 96
7 15 96
8 15 96
9 15 225
10 15 96
11 15 225
12 15 225
13 15 225
14 15 0
15 15 64
16 15 64
17 15 64
18 15 64
19 15 64
20 15 64
21 15 64
22 15 64
23 15 64
24 15 64
25 15 64
26 15 64
27 15 64
28 15 0
29 15 225
30 15 225
31 15 0
5 16 0
6 16 225
7 16 225
8 16 96
9 16 96
10 16 96
11 16 225
12 16 225
13 16 0
14 16 0
15 16 64
16 16 64
17 16 64
18 16 64
19 16 64
20 16 64
21 16 64
22 16 64
23 16 64
24 16 64
25 16 64
26 16 64
27 16 64
28 16 0
29 16 225
30 16 225
31 16 225
32 16 0
5 17 0
6 17 96
7 17 96
8 17 96
9 17 225
10 17 96
11 17 225
12 17 225
13 17 0
14 17 192
15 17 64
16 17 64
17 17 64
18 17 64
19 17 64
20 17 64
21 17 64
22 17 64
23 17 64
24 17 64
25 17 64
26 17 64
27 17 64
28 17 0
29 17 225
30 17 225
31 17 225
32 17 0
5 18 0
6 18 96
7 18 96
8 18 225
9 18 225
10 18 96
11 18 225
12 18 225
13 18 0
14 18 192
15 18 64
16 18 64
17 18 64
18 18 64
19 18 64
20 18 64
21 18 64
22 18 64
23 18 64
24 18 64
25 18 64
26 18 64
27 18 64
28 18 0
29 18 225
30 18 225
31 18 225
32 18 0
5 19 0
6 19 225
7 19 225
8 19 225
9 19 96
10 19 225
11 19 225
12 19 225
13 19 0
14 19 192
15 19 192
16 19 64
17 19 64
18 19 64
19 19 64
20 19 64
21 19 64
22 19 64
23 19 64
24 19 64
25 19 64
26 19 64
27 19 64
28 19 0
29 19 225
30 19 225
31 19 225
32 19 0
5 20 0
6 20 225
7 20 96
8 20 96
9 20 225
10 20 225
11 20 225
12 20 225
13 20 0
14 20 192
15 20 192
16 20 64
17 20 64
18 20 64
19 20 64
20 20 64
21 20 64
22 20 64
23 20 64
24 20 64
25 20 64
26 20 64
27 20 64
28 20 0
29 20 225
30 20 225
31 20 0
6 21 0
7 21 225
8 21 225
9 21 225
10 21 225
11 21 225
12 21 225
13 21 0
14 21 0
15 21 192
16 21 192
17 21 64
18 21 64
19 21 64
20 21 64
21 21 64
22 21 64
23 21 64
24 21 64
25 21 64
26 21 64
27 21 64
28 21 0
29 21 225
30 21 225
31 21 0
6 22 0
7 22 225
8 22 225
9 22 225
10 22 225
11 22 225
12 22 225
13 22 225
14 22 225
15 22 0
16 22 192
17 22 192
18 22 192
19 22 64
20 22 64
21 22 64
22 22 64
23 22 64
24 22 64
25 22 64
26 22 64
27 22 0
28 22 225
29 22 225
30 22 225
31 22 0
6 23 0
7 23 225
8 23 225
9 23 225
10 23 225
11 23 225
12 23 225
13 23 96
14 23 96
15 23 225
16 23 0
17 23 192
18 23 192
19 23 192
20 23 192
21 23 192
22 23 192
23 23 192
24 23 192
25 23 192
26 23 0
27 23 225
28 23 225
29 23 225
30 23 0
6 24 0
7 24 225
8 24 225
9 24 225
10 24 225
11 24 225
12 24 225
13 24 96
14 24 96
15 24 96
16 24 225
17 24 0
18 24 0
19 24 0
20 24 0
21 24 0
22 24 0
23 24 0
24 24 0
25 24 0
26 24 225
27 24 225
28 24 225
29 24 0
5 25 0
6 25 225
7 25 225
8 25 225
9 25 225
10 25 225
11 25 225
12 25 225
13 25 225
14 25 96
15 25 96
16 25 225
17 25 225
18 25 225
19 25 225
20 25 225
21 25 225
22 25 225
23 25 225
24 25 225
25 25 225
26 25 225
27 25 225
28 25 0
5 26 0
6 26 225
7 26 225
8 26 96
9 26 225
10 26 225
11 26 225
12 26 225
13 26 225
14 26 225
15 26 225
16 26 225
17 26 225
18 26 225
19 26 225
20 26 225
21 26 225
22 26 225
23 26 225
24 26 225
25 26 225
26 26 225
27 26 225
28 26 0
4 27 0
5 27 225
6 27 225
7 27 96
8 27 96
9 27 96
10 27 225
11 27 225
12 27 225
13 27 225
14 27 225
15 27 225
16 27 225
17 27 225
18 27 225
19 27 225
20 27 225
21 27 225
22 27 225
23 27 96
24 27 96
25 27 96
26 27 225
27 27 225
28 27 0
4 28 0
5 28 225
6 28 225
7 28 96
8 28 96
9 28 96
10 28 225
11 28 225
12 28 225
13 28 225
14 28 225
15 28 225
16 28 225
17 28 225
18 28 225
19 28 225
20 28 225
21 28 225
22 28 96
23 28 96
24 28 96
25 28 96
26 28 96
27 28 225
28 28 0
3 29 0
4 29 225
5 29 225
6 29 96
7 29 96
8 29 96
9 29 96
10 29 225
11 29 225
12 29 225
13 29 225
14 29 225
15 29 225
16 29 225
17 29 225
18 29 225
19 29 225
20 29 96
21 29 96
22 29 96
23 29 96
24 29 96
25 29 96
26 29 96
27 29 225
28 29 0
3 30 0
4 30 225
5 30 225
6 30 96
7 30 96
8 30 96
9 30 96
10 30 225
11 30 225
12 30 225
13 30 225
14 30 225
15 30 225
16 30 225
17 30 225
18 30 225
19 30 225
20 30 96
21 30 96
22 30 96
23 30 96
24 30 96
25 30 96
26 30 96
27 30 225
28 30 225
29 30 0
3 31 0
4 31 225
5 31 225
6 31 96
7 31 96
8 31 96
9 31 96
10 31 225
11 31 225
12 31 225
13 31 225
14 31 225
15 31 225
16 31 225
17 31 225
18 31 225
19 31 225
20 31 96
21 31 96
22 31 96
23 31 96
24 31 96
25 31 96
26 31 96
27 31 225
28 31 225
29 31 0
2 32 0
3 32 225
4 32 225
5 32 225
6 32 96
7 32 96
8 32 96
9 32 96
10 32 225
11 32 225
12 32 225
13 32 225
14 32 225
15 32 225
16 32 225
17 32 225
18 32 225
19 32 225
20 32 225
21 32 96
22 32 96
23 32 96
24 32 96
25 32 96
26 32 225
27 32 225
28 32 225
29 32 0
