0 0 0
0 1 0
0 2 0
0 3 0
0 4 0
0 5 0
0 6 0
0 7 0
0 8 0
0 9 0
0 10 0
1 0 0
1 1 187
1 2 187
1 3 187
1 4 187
1 5 187
1 6 187
1 7 187
1 8 187
1 9 187
1 10 0
1 11 0
2 0 0
2 1 187
2 2 187
2 3 187
2 4 187
2 5 187
2 6 187
2 7 187
2 8 187
2 9 187
2 10 0
2 11 0
3 0 0
3 1 0
3 2 0
3 3 0
3 4 187
3 5 187
3 6 0
3 7 0
3 8 0
3 9 0
3 10 0
4 3 0
4 4 187
4 5 187
4 6 0
5 0 0
5 1 0
5 2 0
5 3 0
5 4 187
5 5 187
5 6 0
5 7 0
5 8 0
5 9 0
5 10 0
6 0 0
6 1 187
6 2 187
6 3 187
6 4 187
6 5 187
6 6 187
6 7 187
6 8 187
6 9 187
6 10 0
6 11 0
7 0 0
7 1 187
7 2 187
7 3 187
7 4 187
7 5 187
7 6 187
7 7 187
7 8 187
7 9 187
7 10 0
7 11 0
8 0 0
8 1 0
8 2 0
8 3 0
8 4 0
8 5 0
8 6 0
8 7 0
8 8 0
8 9 0
8 10 0
10 0 0
10 1 0
10 2 0
10 3 0
10 4 0
10 5 0
10 6 0
10 7 0
10 8 0
11 0 0
11 1 187
11 2 187
11 3 187
11 4 187
11 5 187
11 6 187
11 7 187
11 8 0
12 0 0
12 1 187
12 2 187
12 3 187
12 4 187
12 5 187
12 6 187
12 7 187
12 8 0
12 9 0
12 10 0

13 0 0
13 1 0
13 2 0
13 3 0
13 4 0
13 5 0
13 6 0
13 7 0
13 8 187
13 9 187
13 10 0
13 11 0 
14 7 0
14 8 187
14 9 187
14 10 0
14 11 0

15 0 0
15 1 0
15 2 0
15 3 0
15 4 0
15 5 0
15 6 0
15 7 0
15 8 187
15 9 187
15 10 0
15 11 0
16 0 0
16 1 187
16 2 187
16 3 187
16 4 187
16 5 187
16 6 187
16 7 187
16 8 0
16 9 0
16 10 0
17 0 0
17 1 187
17 2 187
17 3 187
17 4 187
17 5 187
17 6 187
17 7 187
17 8 0
18 0 0
18 1 0
18 2 0
18 3 0
18 4 0
18 5 0
18 6 0
18 7 0
18 8 0
20 0 0
20 1 0
20 2 0
20 3 0
20 4 0
20 5 0
20 6 0
20 7 0
20 8 0
20 9 0
20 10 0
21 0 0
21 1 187
21 2 187
21 3 187
21 4 187
21 5 187
21 6 187
21 7 187
21 8 187
21 9 187
21 10 0
21 11 0
22 0 0
22 1 187
22 2 187
22 3 187
22 4 187
22 5 187
22 6 187
22 7 187
22 8 187
22 9 187
22 10 0
22 11 0
23 0 0
23 1 0
23 2 0
23 3 187
23 4 187
23 5 0
23 6 0
23 7 0
23 8 0
23 9 0
23 10 0
24 2 0
24 3 187
24 4 187
24 5 0
24 6 0
24 7 0
25 2 0
25 3 0
25 4 0
25 5 187
25 6 187
25 7 0
26 0 0
26 1 0
26 2 0
26 3 0
26 4 0
26 5 187
26 6 187
26 7 0
26 8 0
26 9 0
26 10 0
27 0 0
27 0 0
27 1 187
27 2 187
27 3 187
27 4 187
27 5 187
27 6 187
27 7 187
27 8 187
27 9 187
27 10 0
27 11 0
28 0 0
28 1 187
28 2 187
28 3 187
28 4 187
28 5 187
28 6 187
28 7 187
28 8 187
28 9 187
28 10 0
28 11 0
29 0 0
29 1 0
29 2 0
29 3 0
29 4 0
29 5 0
29 6 0
29 7 0
29 8 0
29 9 0
29 10 0 
 
31 0 0
31 1 0
31 2 0
31 3 0

32 0 0
32 1 187
32 2 187
32 3 0
33 0 0
33 1 187
33 2 187
33 3 0
33 4 0
33 5 0
33 6 0
33 7 0
33 8 0
33 9 0
33 10 0

34 0 0
34 1 187
34 2 187
34 3 187
34 4 187
34 5 187
34 6 187
34 7 187
34 8 187
34 9 187
34 10 187
34 11 0
35 0 0
35 1 187
35 2 187
35 3 187
35 4 187
35 5 187
35 6 187
35 7 187
35 8 187
35 9 187
35 10 187
35 11 0

36 0 0
36 1 187
36 2 187
36 3 0
36 4 0
36 5 0
36 6 0
36 7 0
36 8 0
36 9 0
36 10 0 

37 0 0
37 1 187
37 2 187
37 3 0
 
38 0 0
38 1 0
38 2 0
38 3 0
 
40 0 0
40 1 0
40 2 0
40 3 0
40 4 0
40 5 0
40 6 0
40 7 0
40 8 0
40 9 0
40 10 0

41 0 0
41 1 187
41 2 187
41 3 187
41 4 187
41 5 187
41 6 187
41 7 187
41 8 187
41 9 187
41 10 0
41 11 0
42 0 0
42 1 187
42 2 187
42 3 187
42 4 187
42 5 187
42 6 187
42 7 187
42 8 187
42 9 187
42 10 0
42 11 0
43 0 0
43 1 0
43 2 0
43 3 0
43 4 0
43 5 0
43 6 0
43 7 0
43 8 0
43 9 0
43 10 0

45 0 0
45 1 0
45 2 0
45 3 0
45 4 0
45 5 0
45 6 0
45 7 0
45 8 0
45 9 0
45 10 0
46 0 0
46 1 187
46 2 187
46 3 187
46 4 187
46 5 187
46 6 187
46 7 187
46 8 187
46 9 187
46 10 0
46 11 0
47 0 0
47 1 187
47 2 187
47 3 187
47 4 187
47 5 187
47 6 187
47 7 187
47 8 187
47 9 187
47 10 0
47 11 0
48 0 0
48 1 0
48 2 0
48 3 187
48 4 187
48 5 0
48 6 0
48 7 0
48 8 0
48 9 0
48 10 0
49 2 0
49 3 187
49 4 187
49 5 0
49 6 0
49 7 0
50 2 0
50 3 0
50 4 0
50 5 187
50 6 187
50 7 0
51 0 0
51 1 0
51 2 0
51 3 0
51 4 0
51 5 187
51 6 187
51 7 0
51 8 0
51 9 0
51 10 0
52 0 0
52 0 0
52 1 187
52 2 187
52 3 187
52 4 187
52 5 187
52 6 187
52 7 187
52 8 187
52 9 187
52 10 0
52 11 0
53 0 0
53 1 187
53 2 187
53 3 187
53 4 187
53 5 187
53 6 187
53 7 187
53 8 187
53 9 187
53 10 0
53 11 0
54 0 0
54 1 0
54 2 0
54 3 0
54 4 0
54 5 0
54 6 0
54 7 0
54 8 0
54 9 0
54 10 0 

56 2 0
56 3 0
56 4 0
56 5 0
56 6 0
56 7 0
56 8 0

57 2 0
57 3 187
57 4 187
57 5 187
57 6 187
57 7 187
57 8 0

58 0 0
58 1 0
58 2 0
58 3 187
58 4 187
58 5 187
58 6 187
58 7 187
58 8 0
58 9 0
58 10 0

59 0 0
59 1 187
59 2 187
59 3 0
59 4 0
59 5 0
59 6 0
59 7 0
59 8 187
59 9 187
59 10 0
59 11 0

60 0 0
60 1 187
60 2 187
60 3 0
60 4 187
60 5 187
60 6 0
60 7 0
60 8 187
60 9 187
60 10 0
60 11 0

61 0 0
61 1 187
61 2 187
61 3 0
61 4 187
61 5 187
61 6 0
61 7 0
61 8 187
61 9 187
61 10 0
61 11 0

62 0 0
62 1 187
62 2 187
62 3 0
62 4 187
62 5 187
62 6 187
62 7 187
62 8 0
62 9 0
62 10 0

63 0 0
63 1 187
63 2 187
63 3 0
63 4 187
63 5 187
63 6 187
63 7 187
63 8 0

64 0 0
64 1 0
64 2 0
64 3 0
64 4 0
64 5 0
64 6 0
64 7 0
64 8 0


69 2 0
69 3 0
69 4 0
69 5 0
69 7 0
69 8 0
69 9 0

 
70 2 0
70 3 187
70 4 187
70 5 0
70 7 0
70 8 187
70 9 187
70 10 0
 
71 0 0
71 1 0
71 2 0
71 3 187
71 4 187
71 5 0
71 6 0
71 7 0
71 8 187
71 9 187
71 10 0
71 11 0

72 0 0
72 1 187
72 2 187
72 3 0
72 4 0
72 5 187
72 6 187
72 7 0
72 8 187
72 9 187
72 10 0
72 11 0

73 0 0
73 1 187
73 2 187
73 3 0
73 4 0
73 5 187
73 6 187
73 7 0
73 8 187
73 9 187
73 10 0
73 11 0

74 0 0
74 1 187
74 2 187
74 3 0
74 4 0
74 5 187
74 6 187
74 7 0
74 8 187
74 9 187
74 10 0
74 11 0

75 0 0
75 1 187
75 2 187
75 3 0
75 4 0
75 5 187
75 6 187
75 7 0
75 8 187
75 9 187
75 10 0
75 11 0

76 0 0
76 1 187
76 2 187
76 3 0
76 5 0
76 6 0
76 7 187
76 8 187
76 9 0
76 10 0
76 11 0

77 0 0
77 1 187
77 2 187
77 3 0
77 6 0
77 7 187
77 8 187
77 9 0
77 10 0

78 0 0
78 1 0
78 2 0
78 3 0
78 6 0
78 7 0
78 8 0
78 9 0

80 0 0
80 1 0
80 2 0
80 3 0
80 4 0
80 5 0
80 6 0
80 7 0
80 8 0
80 9 0
80 10 0
81 0 0
81 1 187
81 2 187
81 3 187
81 4 187
81 5 187
81 6 187
81 7 187
81 8 187
81 9 187
81 10 0
81 11 0
82 0 0
82 1 187
82 2 187
82 3 187
82 4 187
82 5 187
82 6 187
82 7 187
82 8 187
82 9 187
82 10 0
82 11 0
83 0 0
83 1 0
83 2 0
83 3 187
83 4 187
83 5 0
83 6 0
83 7 0
83 8 0
83 9 0
83 10 0
84 2 0
84 3 187
84 4 187
84 5 0
84 6 0
84 7 0
85 2 0
85 3 0
85 4 0
85 5 187
85 6 187
85 7 0
86 0 0
86 1 0
86 2 0
86 3 0
86 4 0
86 5 187
86 6 187
86 7 0
86 8 0
86 9 0
86 10 0
87 0 0
87 0 0
87 1 187
87 2 187
87 3 187
87 4 187
87 5 187
87 6 187
87 7 187
87 8 187
87 9 187
87 10 0
87 11 0
88 0 0
88 1 187
88 2 187
88 3 187
88 4 187
88 5 187
88 6 187
88 7 187
88 8 187
88 9 187
88 10 0
88 11 0
89 0 0
89 1 0
89 2 0
89 3 0
89 4 0
89 5 0
89 6 0
89 7 0
89 8 0
89 9 0
89 10 0 
 
91 2 0
91 3 0
91 4 0
91 5 0
91 6 0
91 7 0
91 8 0
91 9 0
91 10 0
 
92 2 0
92 3 187
92 4 187
92 5 187
92 6 187
92 7 187
92 8 187
92 9 187
92 10 0
92 11 0

93 0 0
93 1 0
93 2 0
93 3 187
93 4 187
93 5 187
93 6 187
93 7 187
93 8 187
93 9 187
93 10 0
93 11 0

94 0 0
94 1 187
94 2 187
94 3 0
94 4 0
94 5 187
94 6 187
94 7 0
94 8 0
94 9 0
94 10 0

95 0 0
95 1 187
95 2 187
95 3 0
95 4 0
95 5 187
95 6 187
95 7 0

96 0 0
96 1 187
96 2 187
96 3 0
96 4 0
96 5 187
96 6 187
96 7 0
96 8 0
96 9 0
96 10 0

97 0 0
97 1 0
97 2 0
97 3 187
97 4 187
97 5 187
97 6 187
97 7 187
97 8 187
97 9 187
97 10 0
97 11 0

98 2 0
98 3 187
98 4 187
98 5 187
98 6 187
98 7 187
98 8 187
98 9 187
98 10 0
98 11 0

99 2 0
99 3 0
99 4 0
99 5 0
99 6 0
99 7 0
99 8 0
99 9 0
99 10 0

101 0 0
101 1 0
101 2 0
101 3 0
101 4 0
101 5 0
101 6 0
101 7 0
101 8 0
101 9 0
101 10 0

102 0 0
102 1 187
102 2 187
102 3 187
102 4 187
102 5 187
102 6 187
102 7 187
102 8 187
102 9 187
102 10 0
102 11 0

103 0 0
103 1 187
103 2 187
103 3 187
103 4 187
103 5 187
103 6 187
103 7 187
103 8 187
103 9 187
103 10 0
103 11 0

104 0 0
104 1 0
104 2 0
104 3 0
104 4 187
104 5 187
104 6 0
104 7 0
104 8 0
104 9 0
104 10 0

105 2 0
105 3 0
105 4 187
105 5 187
105 6 0
105 7 0
105 8 0

106 0 0
106 1 0
106 2 0
106 3 187
106 4 187
106 5 0
106 6 187
106 7 187
106 8 0
106 9 0
106 10 0

107 0 0
107 1 187
107 2 187
107 3 187
107 4 187
107 5 0
107 6 187
107 7 187
107 8 187
107 9 187
107 10 0
107 11 0

108 0 0
108 1 187
108 2 187
108 3 0
108 4 0
108 5 0
108 6 0
108 7 0
108 8 187
108 9 187
108 10 0
108 11 0

109 0 0
109 1 0
109 2 0
109 3 0
109 7 0
109 8 0
109 9 0
109 10 0

111 0 0
111 1 0
111 2 0
111 3 0
111 4 0
111 5 0
111 6 0
111 7 0
111 8 0
111 9 0
111 10 0

112 0 0
112 1 187
112 2 187
112 3 187
112 4 187
112 5 187
112 6 187
112 7 187
112 8 187
112 9 187
112 10 0
112 11 0

113 0 0
113 1 187
113 2 187
113 3 187
113 4 187
113 5 187
113 6 187
113 7 187
113 8 187
113 9 187
113 10 0
113 11 0

114 0 0
114 1 187
114 2 187
114 3 0
114 4 187
114 5 187
114 6 0
114 7 0
114 8 187
114 9 187
114 10 0
114 11 0

115 0 0
115 1 187
115 2 187
115 3 0
115 4 187
115 5 187
115 6 0
115 7 0
115 8 187
115 9 187
115 10 0
115 11 0

116 0 0
116 1 187
116 2 187
116 3 0
116 4 187
116 5 187
116 6 0
116 7 0
116 8 187
116 9 187
116 10 0

117 0 0
117 1 0
117 2 0
117 3 0
117 4 0
117 5 0
117 6 0
117 7 0
117 8 0
117 9 0
117 10 0