0 1 0
0 2 0
0 3 0
0 4 0
0 5 0
0 6 0
0 7 0

1 0 0
1 1 0
1 2 230
1 3 230
1 4 230
1 5 230
1 6 100
1 7 0
1 8 0

2 0 0
2 1 230
2 2 230
2 3 230
2 4 230
2 5 230
2 6 230
2 7 100
2 8 0

3 0 0
3 1 230
3 2 230
3 3 230
3 4 230
3 5 230
3 6 230
3 7 100
3 8 0

4 0 0
4 1 230
4 2 230
4 3 230
4 4 230
4 5 230
4 6 230
4 7 100
4 8 0

5 0 0
5 1 230
5 2 230
5 3 230
5 4 230
5 5 230
5 6 230
5 7 100
5 8 0

6 0 0
6 1 230
6 2 230
6 3 230
6 4 230
6 5 230
6 6 230
6 7 100
6 8 0

7 0 0
7 1 230
7 2 230
7 3 230
7 4 230
7 5 230
7 6 230
7 7 100
7 8 0

8 0 0
8 1 230
8 2 230
8 3 230
8 4 230
8 5 230
8 6 230
8 7 100
8 8 0

9 0 0
9 1 230
9 2 230
9 3 230
9 4 230
9 5 230
9 6 230
9 7 100
9 8 0

10 0 0
10 1 230
10 2 230
10 3 230
10 4 230
10 5 230
10 6 230
10 7 100
10 8 0

11 0 0
11 1 230
11 2 230
11 3 230
11 4 230
11 5 230
11 6 230
11 7 100
11 8 0

12 0 0
12 1 230
12 2 230
12 3 230
12 4 230
12 5 230
12 6 230
12 7 100
12 8 0

13 0 0
13 1 230
13 2 230
13 3 230
13 4 230
13 5 230
13 6 230
13 7 100
13 8 0

14 0 0
14 1 230
14 2 230
14 3 230
14 4 230
14 5 230
14 6 230
14 7 100
14 8 0

15 0 0
15 1 230
15 2 230
15 3 230
15 4 230
15 5 230
15 6 230
15 7 100
15 8 0

16 0 0
16 1 230
16 2 230
16 3 230
16 4 230
16 5 230
16 6 230
16 7 100
16 8 0

17 0 0
17 1 230
17 2 230
17 3 230
17 4 230
17 5 230
17 6 230
17 7 100
17 8 0

18 0 0
18 1 230
18 2 230
18 3 230
18 4 230
18 5 230
18 6 230
18 7 100
18 8 0

19 0 0
19 1 230
19 2 230
19 3 230
19 4 230
19 5 230
19 6 230
19 7 100
19 8 0

20 0 0
20 1 230
20 2 230
20 3 230
20 4 230
20 5 230
20 6 230
20 7 100
20 8 0

21 0 0
21 1 230
21 2 230
21 3 230
21 4 230
21 5 230
21 6 230
21 7 100
21 8 0

22 0 0
22 1 230
22 2 230
22 3 230
22 4 230
22 5 230
22 6 230
22 7 100
22 8 0

23 0 0
23 1 0
23 2 230
23 3 230
23 4 230
23 5 230
23 6 100
23 7 0
23 8 0

24 1 0
24 2 0
24 3 0
24 4 0
24 5 0
24 6 0
24 7 0

6 2 0
6 3 0
6 4 0
6 5 0
6 6 0

7 2 0
7 4 0
7 6 0

8 2 0
8 6 0

10 2 0
10 3 0
10 5 0
10 6 0

11 4 0

12 2 0
12 3 0
12 5 0
12 6 0

14 2 0
14 3 0
14 4 0
14 5 0
14 6 0

16 2 0

17 2 0
17 3 0
17 4 0
17 5 0
17 6 0

18 2 0