0 1 0
0 2 0
0 3 0
0 4 0
0 5 0
0 6 0
0 7 0

1 0 0
1 1 0
1 2 187
1 3 187
1 4 187
1 5 187
1 6 151
1 7 0
1 8 0

2 0 0
2 1 187
2 2 187
2 3 187
2 4 187
2 5 187
2 6 187
2 7 151
2 8 0

3 0 0
3 1 187
3 2 187
3 3 187
3 4 187
3 5 187
3 6 187
3 7 151
3 8 0

4 0 0
4 1 187
4 2 187
4 3 187
4 4 187
4 5 187
4 6 187
4 7 151
4 8 0

5 0 0
5 1 187
5 2 187
5 3 187
5 4 187
5 5 187
5 6 187
5 7 151
5 8 0

6 0 0
6 1 187
6 2 187
6 3 187
6 4 187
6 5 187
6 6 187
6 7 151
6 8 0

7 0 0
7 1 187
7 2 187
7 3 187
7 4 187
7 5 187
7 6 187
7 7 151
7 8 0

8 0 0
8 1 187
8 2 187
8 3 187
8 4 187
8 5 187
8 6 187
8 7 151
8 8 0

9 0 0
9 1 187
9 2 187
9 3 187
9 4 187
9 5 187
9 6 187
9 7 151
9 8 0

10 0 0
10 1 187
10 2 187
10 3 187
10 4 187
10 5 187
10 6 187
10 7 151
10 8 0

11 0 0
11 1 187
11 2 187
11 3 187
11 4 187
11 5 187
11 6 187
11 7 151
11 8 0

12 0 0
12 1 187
12 2 187
12 3 187
12 4 187
12 5 187
12 6 187
12 7 151
12 8 0

13 0 0
13 1 187
13 2 187
13 3 187
13 4 187
13 5 187
13 6 187
13 7 151
13 8 0

14 0 0
14 1 187
14 2 187
14 3 187
14 4 187
14 5 187
14 6 187
14 7 151
14 8 0

15 0 0
15 1 187
15 2 187
15 3 187
15 4 187
15 5 187
15 6 187
15 7 151
15 8 0

16 0 0
16 1 187
16 2 187
16 3 187
16 4 187
16 5 187
16 6 187
16 7 151
16 8 0

17 0 0
17 1 187
17 2 187
17 3 187
17 4 187
17 5 187
17 6 187
17 7 151
17 8 0

18 0 0
18 1 187
18 2 187
18 3 187
18 4 187
18 5 187
18 6 187
18 7 151
18 8 0

19 0 0
19 1 187
19 2 187
19 3 187
19 4 187
19 5 187
19 6 187
19 7 151
19 8 0

20 0 0
20 1 187
20 2 187
20 3 187
20 4 187
20 5 187
20 6 187
20 7 151
20 8 0

21 0 0
21 1 187
21 2 187
21 3 187
21 4 187
21 5 187
21 6 187
21 7 151
21 8 0

22 0 0
22 1 187
22 2 187
22 3 187
22 4 187
22 5 187
22 6 187
22 7 151
22 8 0

23 0 0
23 1 0
23 2 187
23 3 187
23 4 187
23 5 187
23 6 151
23 7 0
23 8 0

24 1 0
24 2 0
24 3 0
24 4 0
24 5 0
24 6 0
24 7 0

6 2 0
6 3 0
6 4 0
6 5 0
6 6 0

7 2 0
7 4 0
7 6 0

8 2 0
8 6 0

10 2 0
10 3 0
10 5 0
10 6 0

11 4 0

12 2 0
12 3 0
12 5 0
12 6 0

14 2 0
14 3 0
14 4 0
14 5 0
14 6 0

16 2 0

17 2 0
17 3 0
17 4 0
17 5 0
17 6 0

18 2 0