0 2 0
0 3 0
0 4 0
0 5 0
0 6 0

1 1 0
1 2 187
1 3 187
1 4 187
1 5 187
1 6 187
1 7 151
1 8 0

2 0 0
2 1 187
2 2 187
2 3 187
2 4 187
2 5 187
2 6 187
2 7 187
2 8 151
2 9 0

3 0 0
3 1 187
3 2 187
3 3 187
3 4 187
3 5 187
3 6 187
3 7 187
3 8 151
3 9 0

4 0 0
4 1 187
4 2 187
4 3 187
4 4 187
4 5 187
4 6 187
4 7 187
4 8 151
4 9 0

5 0 0
5 1 187
5 2 187
5 3 187
5 4 187
5 5 187
5 6 187
5 7 187
5 8 151
5 9 0

6 0 0
6 1 187
6 2 187
6 3 187
6 4 187
6 5 187
6 6 187
6 7 187
6 8 151
6 9 0

7 0 0
7 1 187
7 2 187
7 3 187
7 4 187
7 5 187
7 6 187
7 7 187
7 8 151
7 9 0

8 0 0
8 1 187
8 2 187
8 3 187
8 4 187
8 5 187
8 6 187
8 7 187
8 8 151
8 9 0

9 0 0
9 1 187
9 2 187
9 3 187
9 4 187
9 5 187
9 6 187
9 7 187
9 8 151
9 9 0

10 0 0
10 1 187
10 2 187
10 3 187
10 4 187
10 5 187
10 6 187
10 7 187
10 8 151
10 9 0

11 0 0
11 1 187
11 2 187
11 3 187
11 4 187
11 5 187
11 6 187
11 7 187
11 8 151
11 9 0

12 0 0
12 1 187
12 2 187
12 3 187
12 4 187
12 5 187
12 6 187
12 7 187
12 8 151
12 9 0

13 0 0
13 1 187
13 2 187
13 3 187
13 4 187
13 5 187
13 6 187
13 7 187
13 8 151
13 9 0

14 0 0
14 1 187
14 2 187
14 3 187
14 4 187
14 5 187
14 6 187
14 7 187
14 8 151
14 9 0

15 0 0
15 1 187
15 2 187
15 3 187
15 4 187
15 5 187
15 6 187
15 7 187
15 8 151
15 9 0

16 0 0
16 1 187
16 2 187
16 3 187
16 4 187
16 5 187
16 6 187
16 7 187
16 8 151
16 9 0

17 0 0
17 1 187
17 2 187
17 3 187
17 4 187
17 5 187
17 6 187
17 7 187
17 8 151
17 9 0

18 0 0
18 1 187
18 2 187
18 3 187
18 4 187
18 5 187
18 6 187
18 7 187
18 8 151
18 9 0

19 0 0
19 1 187
19 2 187
19 3 187
19 4 187
19 5 187
19 6 187
19 7 187
19 8 151
19 9 0

20 0 0
20 1 187
20 2 187
20 3 187
20 4 187
20 5 187
20 6 187
20 7 187
20 8 151
20 9 0

21 0 0
21 1 187
21 2 187
21 3 187
21 4 187
21 5 187
21 6 187
21 7 187
21 8 151
21 9 0

22 0 0
22 1 187
22 2 187
22 3 187
22 4 187
22 5 187
22 6 187
22 7 187
22 8 151
22 9 0

23 0 0
23 1 187
23 2 187
23 3 187
23 4 187
23 5 187
23 6 187
23 7 187
23 8 151
23 9 0

24 0 0
24 1 187
24 2 187
24 3 187
24 4 187
24 5 187
24 6 187
24 7 187
24 8 151
24 9 0

25 0 0
25 1 187
25 2 187
25 3 187
25 4 187
25 5 187
25 6 187
25 7 187
25 8 151
25 9 0

26 0 0
26 1 187
26 2 187
26 3 187
26 4 187
26 5 187
26 6 187
26 7 187
26 8 151
26 9 0

27 0 0
27 1 187
27 2 187
27 3 187
27 4 187
27 5 187
27 6 187
27 7 187
27 8 151
27 9 0

28 0 0
28 1 187
28 2 187
28 3 187
28 4 187
28 5 187
28 6 187
28 7 187
28 8 151
28 9 0

29 0 0
29 1 187
29 2 187
29 3 187
29 4 187
29 5 187
29 6 187
29 7 187
29 8 151
29 9 0

30 0 0
30 1 187
30 2 187
30 3 187
30 4 187
30 5 187
30 6 187
30 7 187
30 8 151
30 9 0

31 0 0
31 1 187
31 2 187
31 3 187
31 4 187
31 5 187
31 6 187
31 7 187
31 8 151
31 9 0

32 0 0
32 1 187
32 2 187
32 3 187
32 4 187
32 5 187
32 6 187
32 7 187
32 8 151
32 9 0

33 0 0
33 1 187
33 2 187
33 3 187
33 4 187
33 5 187
33 6 187
33 7 187
33 8 151
33 9 0

34 0 0
34 1 187
34 2 187
34 3 187
34 4 187
34 5 187
34 6 187
34 7 187
34 8 151
34 9 0

35 0 0
35 1 187
35 2 187
35 3 187
35 4 187
35 5 187
35 6 187
35 7 187
35 8 151
35 9 0

36 0 0
36 1 187
36 2 187
36 3 187
36 4 187
36 5 187
36 6 187
36 7 187
36 8 151
36 9 0

37 1 0
37 2 187
37 3 187
37 4 187
37 5 187
37 6 187
37 7 151
37 8 0

38 2 0
38 3 0
38 4 0
38 5 0
38 6 0
38 7 0

3 2 0
3 3 0
3 4 0
3 5 0
3 6 0

4 6 0

6 2 0
6 3 0
6 4 0
6 5 0
6 6 0

7 2 0
7 6 0

8 2 0
8 3 0
8 4 0
8 5 0
8 6 0

10 3 0
10 4 0
10 5 0
10 6 0

11 2 0
11 4 0

12 3 0
12 4 0
12 5 0
12 6 0

14 2 0
14 3 0
14 4 0
14 5 0
14 6 0

15 2 0
15 6 0

16 3 0
16 4 0
16 5 0

19 2 0
19 3 0
19 4 0
19 5 0
19 6 0

20 2 0
20 6 0

21 2 0
21 4 0
21 5 0
21 6 0

23 3 0
23 4 0
23 5 0
23 6 0

24 2 0
24 4 0

25 3 0
25 4 0
25 5 0
25 6 0

27 2 0
27 3 0
27 4 0
27 5 0
27 6 0

28 2 0

29 3 0

30 2 0

31 2 0
31 3 0
31 4 0
31 5 0
31 6 0

33 2 0
33 3 0
33 4 0
33 5 0
33 6 0

34 2 0
34 4 0
34 6 0

35 2 0
35 6 0

