0 4 151
0 5 151
0 6 151
0 7 151
0 8 151
0 9 151
0 11 151
0 12 151

1 4 151
1 9 151
1 11 151
1 12 151

2 4 151
2 7 151
2 8 151
2 9 151
2 11 151
2 12 151

3 11 151
3 12 151
 
4 4 151
4 5 151
4 6 151
4 7 151
4 8 151
4 9 151
4 11 151
4 12 151

5 0 151
5 1 151
5 2 151 
5 4 151
5 6 151
5 11 151
5 12 151

6 0 151
6 2 151
6 5 151
6 7 151
6 8 151
6 9 151
6 11 151
6 12 151

7 0 151
7 1 151
7 2 151
7 11 151
7 12 151

8 0 151
8 1 151
8 2 151
8 3 151
8 4 151
8 5 151
8 6 151
8 7 151
8 8 151
8 9 151
8 10 151
8 11 151
8 12 151

9 0 151
9 1 151
9 2 151
9 3 151
9 4 151
9 5 151
9 6 151
9 7 151
9 8 151
9 9 151
9 10 151
9 11 151
9 12 151

10 1 151
10 2 151
10 3 151
10 4 151
10 5 151
10 6 151
10 7 151
10 8 151
10 9 151
10 10 151
10 11 151
10 12 151