0 2 0
0 3 0
0 4 0
0 5 0
0 6 0

1 1 0
1 2 230
1 3 230
1 4 230
1 5 230
1 6 230
1 7 100
1 8 0

2 0 0
2 1 230
2 2 230
2 3 230
2 4 230
2 5 230
2 6 230
2 7 230
2 8 100
2 9 0

3 0 0
3 1 230
3 2 230
3 3 230
3 4 230
3 5 230
3 6 230
3 7 230
3 8 100
3 9 0

4 0 0
4 1 230
4 2 230
4 3 230
4 4 230
4 5 230
4 6 230
4 7 230
4 8 100
4 9 0

5 0 0
5 1 230
5 2 230
5 3 230
5 4 230
5 5 230
5 6 230
5 7 230
5 8 100
5 9 0

6 0 0
6 1 230
6 2 230
6 3 230
6 4 230
6 5 230
6 6 230
6 7 230
6 8 100
6 9 0

7 0 0
7 1 230
7 2 230
7 3 230
7 4 230
7 5 230
7 6 230
7 7 230
7 8 100
7 9 0

8 0 0
8 1 230
8 2 230
8 3 230
8 4 230
8 5 230
8 6 230
8 7 230
8 8 100
8 9 0

9 0 0
9 1 230
9 2 230
9 3 230
9 4 230
9 5 230
9 6 230
9 7 230
9 8 100
9 9 0

10 0 0
10 1 230
10 2 230
10 3 230
10 4 230
10 5 230
10 6 230
10 7 230
10 8 100
10 9 0

11 0 0
11 1 230
11 2 230
11 3 230
11 4 230
11 5 230
11 6 230
11 7 230
11 8 100
11 9 0

12 0 0
12 1 230
12 2 230
12 3 230
12 4 230
12 5 230
12 6 230
12 7 230
12 8 100
12 9 0

13 0 0
13 1 230
13 2 230
13 3 230
13 4 230
13 5 230
13 6 230
13 7 230
13 8 100
13 9 0

14 0 0
14 1 230
14 2 230
14 3 230
14 4 230
14 5 230
14 6 230
14 7 230
14 8 100
14 9 0

15 0 0
15 1 230
15 2 230
15 3 230
15 4 230
15 5 230
15 6 230
15 7 230
15 8 100
15 9 0

16 0 0
16 1 230
16 2 230
16 3 230
16 4 230
16 5 230
16 6 230
16 7 230
16 8 100
16 9 0

17 0 0
17 1 230
17 2 230
17 3 230
17 4 230
17 5 230
17 6 230
17 7 230
17 8 100
17 9 0

18 0 0
18 1 230
18 2 230
18 3 230
18 4 230
18 5 230
18 6 230
18 7 230
18 8 100
18 9 0

19 0 0
19 1 230
19 2 230
19 3 230
19 4 230
19 5 230
19 6 230
19 7 230
19 8 100
19 9 0

20 0 0
20 1 230
20 2 230
20 3 230
20 4 230
20 5 230
20 6 230
20 7 230
20 8 100
20 9 0

21 0 0
21 1 230
21 2 230
21 3 230
21 4 230
21 5 230
21 6 230
21 7 230
21 8 100
21 9 0

22 0 0
22 1 230
22 2 230
22 3 230
22 4 230
22 5 230
22 6 230
22 7 230
22 8 100
22 9 0

23 0 0
23 1 230
23 2 230
23 3 230
23 4 230
23 5 230
23 6 230
23 7 230
23 8 100
23 9 0

24 0 0
24 1 230
24 2 230
24 3 230
24 4 230
24 5 230
24 6 230
24 7 230
24 8 100
24 9 0

25 0 0
25 1 230
25 2 230
25 3 230
25 4 230
25 5 230
25 6 230
25 7 230
25 8 100
25 9 0

26 0 0
26 1 230
26 2 230
26 3 230
26 4 230
26 5 230
26 6 230
26 7 230
26 8 100
26 9 0

27 0 0
27 1 230
27 2 230
27 3 230
27 4 230
27 5 230
27 6 230
27 7 230
27 8 100
27 9 0

28 0 0
28 1 230
28 2 230
28 3 230
28 4 230
28 5 230
28 6 230
28 7 230
28 8 100
28 9 0

29 0 0
29 1 230
29 2 230
29 3 230
29 4 230
29 5 230
29 6 230
29 7 230
29 8 100
29 9 0

30 0 0
30 1 230
30 2 230
30 3 230
30 4 230
30 5 230
30 6 230
30 7 230
30 8 100
30 9 0

31 0 0
31 1 230
31 2 230
31 3 230
31 4 230
31 5 230
31 6 230
31 7 230
31 8 100
31 9 0

32 0 0
32 1 230
32 2 230
32 3 230
32 4 230
32 5 230
32 6 230
32 7 230
32 8 100
32 9 0

33 0 0
33 1 230
33 2 230
33 3 230
33 4 230
33 5 230
33 6 230
33 7 230
33 8 100
33 9 0

34 0 0
34 1 230
34 2 230
34 3 230
34 4 230
34 5 230
34 6 230
34 7 230
34 8 100
34 9 0

35 0 0
35 1 230
35 2 230
35 3 230
35 4 230
35 5 230
35 6 230
35 7 230
35 8 100
35 9 0

36 0 0
36 1 230
36 2 230
36 3 230
36 4 230
36 5 230
36 6 230
36 7 230
36 8 100
36 9 0

37 1 0
37 2 230
37 3 230
37 4 230
37 5 230
37 6 230
37 7 100
37 8 0

38 2 0
38 3 0
38 4 0
38 5 0
38 6 0
38 7 0

5 2 0
5 3 0
5 4 0
5 6 0

6 2 0
6 4 0
6 6 0

7 2 0
7 4 0
7 5 0
7 6 0

9 2 0
9 3 0
9 4 0
9 5 0
9 6 0

10 2 0
10 4 0
10 6 0

11 2 0
11 6 0

13 2 0

14 2 0
14 3 0
14 4 0
14 5 0
14 6 0

15 2 0

17 2 0

18 2 0
18 3 0
18 4 0
18 5 0
18 6 0

19 2 0

21 2 0
21 3 0
21 4 0
21 5 0
21 6 0

23 2 0
23 3 0
23 4 0
23 5 0
23 6 0

24 3 0

25 4 0

26 5 0

27 2 0
27 3 0
27 4 0
27 5 0
27 6 0

29 2 0
29 3 0
29 4 0
29 5 0
29 6 0

30 2 0
30 6 0

31 2 0
31 4 0
31 6 0

32 2 0
32 4 0
32 5 0
32 6 0