0 0 0
1 0 0
2 0 0
3 0 0
4 0 0
5 0 0
6 0 0
7 0 0
8 0 0
9 0 0
10 0 0
11 0 0
12 0 0
13 0 0
14 0 0
15 0 0
16 0 0
17 0 0
18 0 0
19 0 0
20 0 0
21 0 0
22 0 0
23 0 0
24 0 0
25 0 0
26 0 0
27 0 0
28 0 0
29 0 0
30 0 0
31 0 0
32 0 0
33 0 0
34 0 0
35 0 0
36 0 0
37 0 0
38 0 0
39 0 0
40 0 0
41 0 0
42 0 0
43 0 0
44 0 0
45 0 0
46 0 0
47 0 0
48 0 0
49 0 0
50 0 0
51 0 0
52 0 0
53 0 0
54 0 0
55 0 0
56 0 0
57 0 0
58 0 0
59 0 0
60 0 0
61 0 0
62 0 0
63 0 0
64 0 0
65 0 0
66 0 0
67 0 0
68 0 0
69 0 0
70 0 0
71 0 0
72 0 0
73 0 0
74 0 0
75 0 0
76 0 0
77 0 0
78 0 0
79 0 0
80 0 0
81 0 0
82 0 0
83 0 0
84 0 0
85 0 0
86 0 0
87 0 0
88 0 0
89 0 0
90 0 0
91 0 0
92 0 0
93 0 0
94 0 0
95 0 0
96 0 0
97 0 0
98 0 0
99 0 0
100 0 0
101 0 0
102 0 0
103 0 0
104 0 0
105 0 0
106 0 0
107 0 0
108 0 0
109 0 0
110 0 0
111 0 0
112 0 0
113 0 0
114 0 0
115 0 0
116 0 0
117 0 0
118 0 0
119 0 0
120 0 0
121 0 0
122 0 0
123 0 0
124 0 0
125 0 0
126 0 0
127 0 0
128 0 0
129 0 0
130 0 0
131 0 0
132 0 0
133 0 0
134 0 0
135 0 0
136 0 0
137 0 0
138 0 0
139 0 0
140 0 0
141 0 0
142 0 0
143 0 0
144 0 0
145 0 0
146 0 0
147 0 0
148 0 0
149 0 0
0 1 0
1 1 187
2 1 187
3 1 187
4 1 187
5 1 187
6 1 187
7 1 187
8 1 187
9 1 187
10 1 187
11 1 187
12 1 187
13 1 187
14 1 187
15 1 187
16 1 187
17 1 187
18 1 187
19 1 187
20 1 187
21 1 187
22 1 187
23 1 187
24 1 187
25 1 187
26 1 187
27 1 187
28 1 187
29 1 187
30 1 187
31 1 187
32 1 187
33 1 187
34 1 187
35 1 187
36 1 187
37 1 187
38 1 187
39 1 187
40 1 187
41 1 187
42 1 187
43 1 187
44 1 187
45 1 187
46 1 187
47 1 187
48 1 187
49 1 187
50 1 187
51 1 187
52 1 187
53 1 187
54 1 187
55 1 187
56 1 187
57 1 187
58 1 187
59 1 187
60 1 187
61 1 187
62 1 187
63 1 187
64 1 187
65 1 187
66 1 187
67 1 187
68 1 187
69 1 187
70 1 187
71 1 187
72 1 187
73 1 187
74 1 187
75 1 187
76 1 187
77 1 187
78 1 187
79 1 187
80 1 187
81 1 187
82 1 187
83 1 187
84 1 187
85 1 187
86 1 187
87 1 187
88 1 187
89 1 187
90 1 187
91 1 151
92 1 151
93 1 151
94 1 151
95 1 151
96 1 151
97 1 151
98 1 151
99 1 151
100 1 151
101 1 151
102 1 151
103 1 151
104 1 151
105 1 151
106 1 151
107 1 151
108 1 151
109 1 151
110 1 151
111 1 151
112 1 151
113 1 151
114 1 151
115 1 151
116 1 151
117 1 151
118 1 151
119 1 151
120 1 151
121 1 151
122 1 151
123 1 151
124 1 151
125 1 151
126 1 151
127 1 151
128 1 151
129 1 151
130 1 151
131 1 151
132 1 151
133 1 151
134 1 151
135 1 151
136 1 151
137 1 151
138 1 151
139 1 151
140 1 151
141 1 151
142 1 151
143 1 151
144 1 151
145 1 151
146 1 151
147 1 151
148 1 151
149 1 0
0 2 0
1 2 151
2 2 151
3 2 187
4 2 187
5 2 187
6 2 187
7 2 187
8 2 187
9 2 187
10 2 187
11 2 187
12 2 187
13 2 187
14 2 187
15 2 187
16 2 187
17 2 187
18 2 187
19 2 187
20 2 187
21 2 187
22 2 187
23 2 187
24 2 187
25 2 187
26 2 187
27 2 187
28 2 187
29 2 187
30 2 187
31 2 187
32 2 187
33 2 187
34 2 187
35 2 187
36 2 187
37 2 187
38 2 187
39 2 187
40 2 187
41 2 187
42 2 187
43 2 187
44 2 187
45 2 187
46 2 187
47 2 187
48 2 187
49 2 187
50 2 187
51 2 187
52 2 187
53 2 187
54 2 187
55 2 187
56 2 187
57 2 187
58 2 187
59 2 187
60 2 187
61 2 187
62 2 187
63 2 187
64 2 187
65 2 187
66 2 187
67 2 187
68 2 187
69 2 187
70 2 187
71 2 187
72 2 187
73 2 187
74 2 187
75 2 187
76 2 187
77 2 187
78 2 187
79 2 187
80 2 187
81 2 187
82 2 187
83 2 187
84 2 187
85 2 187
86 2 187
87 2 187
88 2 187
89 2 187
90 2 151
91 2 151
92 2 151
93 2 151
94 2 151
95 2 151
96 2 151
97 2 151
98 2 151
99 2 151
100 2 151
101 2 151
102 2 151
103 2 151
104 2 151
105 2 151
106 2 151
107 2 151
108 2 151
109 2 151
110 2 151
111 2 151
112 2 151
113 2 151
114 2 151
115 2 151
116 2 151
117 2 151
118 2 151
119 2 151
120 2 151
121 2 151
122 2 151
123 2 151
124 2 151
125 2 151
126 2 151
127 2 151
128 2 151
129 2 151
130 2 151
131 2 151
132 2 151
133 2 151
134 2 151
135 2 151
136 2 151
137 2 151
138 2 151
139 2 151
140 2 151
141 2 151
142 2 151
143 2 151
144 2 151
145 2 151
146 2 151
147 2 151
148 2 151
149 2 0
0 3 0
1 3 151
2 3 151
3 3 187
4 3 187
5 3 151
6 3 151
7 3 187
8 3 187
9 3 187
10 3 187
11 3 187
12 3 187
13 3 187
14 3 187
15 3 187
16 3 187
17 3 187
18 3 187
19 3 187
20 3 187
21 3 187
22 3 187
23 3 187
24 3 187
25 3 187
26 3 187
27 3 187
28 3 187
29 3 187
30 3 187
31 3 187
32 3 187
33 3 187
34 3 187
35 3 0
36 3 187
37 3 187
38 3 187
39 3 0
40 3 187
41 3 0
42 3 0
43 3 0
44 3 187
45 3 0
46 3 187
47 3 187
48 3 187
49 3 0
50 3 187
51 3 0
52 3 187
53 3 0
54 3 187
55 3 187
56 3 187
57 3 187
58 3 187
59 3 187
60 3 187
61 3 187
62 3 187
63 3 187
64 3 187
65 3 187
66 3 187
67 3 187
68 3 187
69 3 187
70 3 187
71 3 187
72 3 187
73 3 187
74 3 187
75 3 187
76 3 187
77 3 187
78 3 187
79 3 187
80 3 187
81 3 187
82 3 187
83 3 187
84 3 187
85 3 187
86 3 187
87 3 187
88 3 187
89 3 151
90 3 151
91 3 151
92 3 151
93 3 151
94 3 151
95 3 151
96 3 151
97 3 151
98 3 151
99 3 151
100 3 151
101 3 151
102 3 151
103 3 151
104 3 151
105 3 151
106 3 151
107 3 151
108 3 151
109 3 151
110 3 151
111 3 151
112 3 151
113 3 151
114 3 151
115 3 151
116 3 151
117 3 151
118 3 151
119 3 151
120 3 151
121 3 151
122 3 151
123 3 151
124 3 151
125 3 151
126 3 151
127 3 151
128 3 151
129 3 151
130 3 151
131 3 151
132 3 151
133 3 151
134 3 151
135 3 151
136 3 151
137 3 151
138 3 151
139 3 151
140 3 151
141 3 151
142 3 151
143 3 151
144 3 151
145 3 151
146 3 151
147 3 151
148 3 151
149 3 0
0 4 0
1 4 151
2 4 151
3 4 187
4 4 187
5 4 151
6 4 151
7 4 187
8 4 187
9 4 187
10 4 187
11 4 187
12 4 187
13 4 187
14 4 187
15 4 187
16 4 187
17 4 187
18 4 187
19 4 187
20 4 187
21 4 187
22 4 187
23 4 187
24 4 187
25 4 187
26 4 187
27 4 187
28 4 187
29 4 187
30 4 187
31 4 187
32 4 187
33 4 187
34 4 187
35 4 0
36 4 0
37 4 187
38 4 0
39 4 0
40 4 187
41 4 0
42 4 187
43 4 187
44 4 187
45 4 0
46 4 0
47 4 187
48 4 187
49 4 0
50 4 187
51 4 0
52 4 187
53 4 0
54 4 187
55 4 187
56 4 187
57 4 187
58 4 187
59 4 187
60 4 187
61 4 187
62 4 187
63 4 187
64 4 187
65 4 187
66 4 187
67 4 187
68 4 187
69 4 187
70 4 187
71 4 187
72 4 187
73 4 187
74 4 187
75 4 187
76 4 187
77 4 187
78 4 187
79 4 187
80 4 187
81 4 187
82 4 187
83 4 187
84 4 187
85 4 187
86 4 187
87 4 187
88 4 151
89 4 151
90 4 151
91 4 151
92 4 151
93 4 151
94 4 151
95 4 151
96 4 151
97 4 151
98 4 151
99 4 151
100 4 151
101 4 151
102 4 151
103 4 151
104 4 151
105 4 151
106 4 151
107 4 151
108 4 151
109 4 151
110 4 151
111 4 151
112 4 151
113 4 151
114 4 151
115 4 151
116 4 151
117 4 151
118 4 151
119 4 151
120 4 151
121 4 151
122 4 151
123 4 151
124 4 151
125 4 151
126 4 151
127 4 151
128 4 151
129 4 151
130 4 151
131 4 151
132 4 151
133 4 151
134 4 151
135 4 151
136 4 151
137 4 151
138 4 151
139 4 151
140 4 151
141 4 151
142 4 151
143 4 151
144 4 151
145 4 151
146 4 151
147 4 151
148 4 151
149 4 0
0 5 0
1 5 187
2 5 187
3 5 151
4 5 151
5 5 187
6 5 187
7 5 187
8 5 187
9 5 187
10 5 187
11 5 187
12 5 187
13 5 187
14 5 187
15 5 187
16 5 187
17 5 187
18 5 187
19 5 187
20 5 187
21 5 187
22 5 187
23 5 187
24 5 187
25 5 187
26 5 187
27 5 187
28 5 187
29 5 187
30 5 187
31 5 187
32 5 187
33 5 187
34 5 187
35 5 0
36 5 187
37 5 0
38 5 187
39 5 0
40 5 187
41 5 0
42 5 0
43 5 0
44 5 187
45 5 0
46 5 187
47 5 0
48 5 187
49 5 0
50 5 187
51 5 0
52 5 187
53 5 0
54 5 187
55 5 187
56 5 187
57 5 187
58 5 187
59 5 187
60 5 187
61 5 187
62 5 187
63 5 187
64 5 187
65 5 187
66 5 187
67 5 187
68 5 187
69 5 187
70 5 187
71 5 187
72 5 187
73 5 187
74 5 187
75 5 187
76 5 187
77 5 187
78 5 187
79 5 187
80 5 187
81 5 187
82 5 187
83 5 187
84 5 187
85 5 187
86 5 187
87 5 151
88 5 151
89 5 151
90 5 151
91 5 151
92 5 151
93 5 151
94 5 151
95 5 151
96 5 151
97 5 151
98 5 151
99 5 151
100 5 151
101 5 151
102 5 151
103 5 151
104 5 151
105 5 151
106 5 151
107 5 151
108 5 151
109 5 151
110 5 151
111 5 151
112 5 151
113 5 151
114 5 151
115 5 151
116 5 151
117 5 151
118 5 151
119 5 151
120 5 151
121 5 151
122 5 151
123 5 151
124 5 151
125 5 151
126 5 151
127 5 151
128 5 151
129 5 151
130 5 151
131 5 151
132 5 151
133 5 151
134 5 151
135 5 151
136 5 151
137 5 151
138 5 151
139 5 151
140 5 151
141 5 151
142 5 151
143 5 151
144 5 151
145 5 151
146 5 151
147 5 151
148 5 151
149 5 0
0 6 0
1 6 187
2 6 187
3 6 151
4 6 151
5 6 187
6 6 187
7 6 187
8 6 187
9 6 187
10 6 187
11 6 187
12 6 187
13 6 187
14 6 187
15 6 187
16 6 187
17 6 187
18 6 187
19 6 187
20 6 187
21 6 187
22 6 187
23 6 187
24 6 187
25 6 187
26 6 187
27 6 187
28 6 187
29 6 187
30 6 187
31 6 187
32 6 187
33 6 187
34 6 187
35 6 0
36 6 187
37 6 187
38 6 187
39 6 0
40 6 187
41 6 0
42 6 187
43 6 187
44 6 187
45 6 0
46 6 187
47 6 187
48 6 0
49 6 0
50 6 187
51 6 0
52 6 187
53 6 0
54 6 187
55 6 187
56 6 187
57 6 187
58 6 187
59 6 187
60 6 187
61 6 187
62 6 187
63 6 187
64 6 187
65 6 187
66 6 187
67 6 187
68 6 187
69 6 187
70 6 187
71 6 187
72 6 187
73 6 187
74 6 187
75 6 187
76 6 187
77 6 187
78 6 187
79 6 151
80 6 151
81 6 187
82 6 187
83 6 187
84 6 187
85 6 187
86 6 151
87 6 151
88 6 151
89 6 151
90 6 151
91 6 151
92 6 151
93 6 151
94 6 151
95 6 151
96 6 151
97 6 151
98 6 151
99 6 151
100 6 151
101 6 151
102 6 151
103 6 151
104 6 151
105 6 151
106 6 151
107 6 151
108 6 151
109 6 151
110 6 151
111 6 151
112 6 151
113 6 151
114 6 151
115 6 151
116 6 151
117 6 151
118 6 151
119 6 151
120 6 151
121 6 151
122 6 151
123 6 151
124 6 151
125 6 151
126 6 151
127 6 151
128 6 151
129 6 151
130 6 151
131 6 151
132 6 151
133 6 151
134 6 151
135 6 151
136 6 151
137 6 151
138 6 151
139 6 151
140 6 151
141 6 151
142 6 151
143 6 151
144 6 151
145 6 151
146 6 151
147 6 151
148 6 151
149 6 0
0 7 0
1 7 187
2 7 187
3 7 187
4 7 187
5 7 187
6 7 187
7 7 187
8 7 187
9 7 187
10 7 187
11 7 187
12 7 187
13 7 187
14 7 187
15 7 187
16 7 187
17 7 187
18 7 187
19 7 187
20 7 187
21 7 187
22 7 187
23 7 187
24 7 187
25 7 187
26 7 187
27 7 187
28 7 187
29 7 187
30 7 187
31 7 187
32 7 187
33 7 187
34 7 187
35 7 0
36 7 187
37 7 187
38 7 187
39 7 0
40 7 187
41 7 0
42 7 0
43 7 0
44 7 187
45 7 0
46 7 187
47 7 187
48 7 187
49 7 0
50 7 187
51 7 0
52 7 0
53 7 0
54 7 187
55 7 187
56 7 187
57 7 187
58 7 187
59 7 187
60 7 187
61 7 187
62 7 187
63 7 187
64 7 187
65 7 187
66 7 187
67 7 187
68 7 187
69 7 187
70 7 187
71 7 187
72 7 187
73 7 187
74 7 187
75 7 187
76 7 187
77 7 187
78 7 187
79 7 151
80 7 151
81 7 187
82 7 187
83 7 187
84 7 187
85 7 151
86 7 151
87 7 151
88 7 151
89 7 151
90 7 151
91 7 151
92 7 151
93 7 151
94 7 151
95 7 151
96 7 151
97 7 151
98 7 151
99 7 151
100 7 151
101 7 151
102 7 151
103 7 151
104 7 151
105 7 151
106 7 151
107 7 151
108 7 151
109 7 151
110 7 151
111 7 151
112 7 151
113 7 151
114 7 151
115 7 151
116 7 151
117 7 151
118 7 151
119 7 151
120 7 151
121 7 151
122 7 151
123 7 151
124 7 151
125 7 151
126 7 151
127 7 151
128 7 151
129 7 151
130 7 151
131 7 151
132 7 151
133 7 151
134 7 151
135 7 151
136 7 151
137 7 151
138 7 151
139 7 151
140 7 151
141 7 151
142 7 151
143 7 151
144 7 151
145 7 151
146 7 151
147 7 151
148 7 151
149 7 0
0 8 0
1 8 187
2 8 187
3 8 187
4 8 187
5 8 187
6 8 187
7 8 187
8 8 187
9 8 187
10 8 187
11 8 187
12 8 187
13 8 187
14 8 187
15 8 187
16 8 187
17 8 187
18 8 187
19 8 187
20 8 187
21 8 187
22 8 187
23 8 187
24 8 187
25 8 187
26 8 187
27 8 187
28 8 187
29 8 187
30 8 187
31 8 187
32 8 187
33 8 187
34 8 187
35 8 187
36 8 187
37 8 187
38 8 187
39 8 187
40 8 187
41 8 187
42 8 187
43 8 187
44 8 187
45 8 187
46 8 187
47 8 187
48 8 187
49 8 187
50 8 187
51 8 187
52 8 187
53 8 187
54 8 187
55 8 187
56 8 187
57 8 187
58 8 187
59 8 187
60 8 187
61 8 187
62 8 187
63 8 187
64 8 187
65 8 187
66 8 187
67 8 187
68 8 187
69 8 187
70 8 187
71 8 187
72 8 187
73 8 187
74 8 187
75 8 187
76 8 187
77 8 151
78 8 151
79 8 187
80 8 187
81 8 151
82 8 151
83 8 187
84 8 151
85 8 151
86 8 151
87 8 151
88 8 151
89 8 151
90 8 151
91 8 151
92 8 151
93 8 151
94 8 151
95 8 151
96 8 151
97 8 151
98 8 151
99 8 151
100 8 151
101 8 151
102 8 151
103 8 151
104 8 151
105 8 151
106 8 151
107 8 151
108 8 151
109 8 151
110 8 151
111 8 151
112 8 151
113 8 151
114 8 151
115 8 151
116 8 151
117 8 151
118 8 151
119 8 151
120 8 151
121 8 151
122 8 151
123 8 151
124 8 151
125 8 151
126 8 151
127 8 151
128 8 151
129 8 151
130 8 151
131 8 151
132 8 151
133 8 151
134 8 151
135 8 151
136 8 151
137 8 151
138 8 151
139 8 151
140 8 151
141 8 151
142 8 151
143 8 151
144 8 151
145 8 151
146 8 151
147 8 151
148 8 151
149 8 0
0 9 0
1 9 187
2 9 187
3 9 187
4 9 187
5 9 187
6 9 187
7 9 187
8 9 187
9 9 187
10 9 187
11 9 187
12 9 187
13 9 187
14 9 187
15 9 187
16 9 187
17 9 187
18 9 187
19 9 187
20 9 187
21 9 187
22 9 187
23 9 187
24 9 187
25 9 187
26 9 187
27 9 187
28 9 187
29 9 187
30 9 187
31 9 187
32 9 187
33 9 187
34 9 187
35 9 187
36 9 187
37 9 187
38 9 187
39 9 187
40 9 187
41 9 187
42 9 187
43 9 187
44 9 187
45 9 187
46 9 187
47 9 187
48 9 187
49 9 187
50 9 187
51 9 187
52 9 187
53 9 187
54 9 187
55 9 187
56 9 187
57 9 187
58 9 187
59 9 187
60 9 187
61 9 187
62 9 187
63 9 187
64 9 187
65 9 187
66 9 187
67 9 187
68 9 187
69 9 187
70 9 187
71 9 187
72 9 187
73 9 187
74 9 187
75 9 187
76 9 187
77 9 151
78 9 151
79 9 187
80 9 187
81 9 151
82 9 151
83 9 151
84 9 151
85 9 151
86 9 151
87 9 151
88 9 151
89 9 151
90 9 151
91 9 151
92 9 151
93 9 151
94 9 151
95 9 151
96 9 151
97 9 151
98 9 151
99 9 151
100 9 151
101 9 151
102 9 151
103 9 151
104 9 151
105 9 151
106 9 151
107 9 151
108 9 151
109 9 151
110 9 151
111 9 151
112 9 151
113 9 151
114 9 151
115 9 151
116 9 151
117 9 151
118 9 151
119 9 151
120 9 151
121 9 151
122 9 151
123 9 151
124 9 151
125 9 151
126 9 151
127 9 151
128 9 151
129 9 151
130 9 151
131 9 151
132 9 151
133 9 151
134 9 151
135 9 151
136 9 151
137 9 151
138 9 151
139 9 151
140 9 151
141 9 151
142 9 151
143 9 151
144 9 151
145 9 151
146 9 151
147 9 151
148 9 151
149 9 0
0 10 0
1 10 151
2 10 151
3 10 151
4 10 151
5 10 151
6 10 151
7 10 151
8 10 151
9 10 151
10 10 151
11 10 151
12 10 151
13 10 151
14 10 151
15 10 151
16 10 151
17 10 151
18 10 151
19 10 151
20 10 151
21 10 151
22 10 151
23 10 151
24 10 151
25 10 151
26 10 151
27 10 151
28 10 151
29 10 151
30 10 151
31 10 151
32 10 151
33 10 151
34 10 151
35 10 151
36 10 151
37 10 151
38 10 151
39 10 151
40 10 151
41 10 151
42 10 151
43 10 151
44 10 151
45 10 151
46 10 151
47 10 151
48 10 151
49 10 151
50 10 151
51 10 151
52 10 151
53 10 151
54 10 151
55 10 151
56 10 151
57 10 151
58 10 151
59 10 151
60 10 151
61 10 151
62 10 151
63 10 151
64 10 151
65 10 151
66 10 151
67 10 151
68 10 151
69 10 151
70 10 151
71 10 151
72 10 151
73 10 151
74 10 151
75 10 151
76 10 151
77 10 151
78 10 151
79 10 151
80 10 151
81 10 151
82 10 151
83 10 151
84 10 151
85 10 151
86 10 151
87 10 151
88 10 151
89 10 151
90 10 151
91 10 151
92 10 151
93 10 151
94 10 151
95 10 151
96 10 151
97 10 151
98 10 151
99 10 151
100 10 151
101 10 151
102 10 151
103 10 151
104 10 151
105 10 151
106 10 151
107 10 151
108 10 151
109 10 151
110 10 151
111 10 151
112 10 151
113 10 151
114 10 151
115 10 151
116 10 151
117 10 151
118 10 151
119 10 151
120 10 151
121 10 151
122 10 151
123 10 151
124 10 151
125 10 151
126 10 151
127 10 151
128 10 151
129 10 151
130 10 151
131 10 151
132 10 151
133 10 151
134 10 151
135 10 151
136 10 151
137 10 151
138 10 151
139 10 151
140 10 151
141 10 151
142 10 151
143 10 151
144 10 151
145 10 151
146 10 151
147 10 151
148 10 151
149 10 0
0 11 0
1 11 0
2 11 0
3 11 0
4 11 0
5 11 0
6 11 0
7 11 0
8 11 0
9 11 0
10 11 0
11 11 0
12 11 0
13 11 0
14 11 0
15 11 0
16 11 0
17 11 0
18 11 0
19 11 0
20 11 0
21 11 0
22 11 0
23 11 0
24 11 0
25 11 0
26 11 0
27 11 0
28 11 0
29 11 0
30 11 0
31 11 0
32 11 0
33 11 0
34 11 0
35 11 0
36 11 0
37 11 0
38 11 0
39 11 0
40 11 0
41 11 0
42 11 0
43 11 0
44 11 0
45 11 0
46 11 0
47 11 0
48 11 0
49 11 0
50 11 0
51 11 0
52 11 0
53 11 0
54 11 0
55 11 0
56 11 0
57 11 0
58 11 0
59 11 0
60 11 0
61 11 0
62 11 0
63 11 0
64 11 0
65 11 0
66 11 0
67 11 0
68 11 0
69 11 0
70 11 0
71 11 0
72 11 0
73 11 0
74 11 0
75 11 0
76 11 0
77 11 0
78 11 0
79 11 0
80 11 0
81 11 0
82 11 0
83 11 0
84 11 0
85 11 0
86 11 0
87 11 0
88 11 0
89 11 0
90 11 0
91 11 0
92 11 0
93 11 0
94 11 0
95 11 0
96 11 0
97 11 0
98 11 0
99 11 0
100 11 0
101 11 0
102 11 0
103 11 0
104 11 0
105 11 0
106 11 0
107 11 0
108 11 0
109 11 0
110 11 0
111 11 0
112 11 0
113 11 0
114 11 0
115 11 0
116 11 0
117 11 0
118 11 0
119 11 0
120 11 0
121 11 0
122 11 0
123 11 0
124 11 0
125 11 0
126 11 0
127 11 0
128 11 0
129 11 0
130 11 0
131 11 0
132 11 0
133 11 0
134 11 0
135 11 0
136 11 0
137 11 0
138 11 0
139 11 0
140 11 0
141 11 0
142 11 0
143 11 0
144 11 0
145 11 0
146 11 0
147 11 0
148 11 0
149 11 0

24 3 187
24 4 187
24 5 187
24 6 187
24 7 187

25 3 187
25 4 187
25 5 187
25 6 187
25 7 187

26 3 187
26 4 187
26 5 187
26 6 187
26 7 187

27 3 187
27 4 187
27 5 187
27 6 187
27 7 187

28 3 187
28 4 187
28 5 187
28 6 187
28 7 187

29 3 187
29 4 187
29 5 187
29 6 187
29 7 187

30 3 187
30 4 187
30 5 187
30 6 187
30 7 187

31 3 187
31 4 187
31 5 187
31 6 187
31 7 187

32 3 187
32 4 187
32 5 187
32 6 187
32 7 187

33 3 187
33 4 187
33 5 187
33 6 187
33 7 187

34 3 187
34 4 187
34 5 187
34 6 187
34 7 187

35 3 187
35 4 187
35 5 187
35 6 187
35 7 187

36 3 187
36 4 187
36 5 187
36 6 187
36 7 187

37 3 187
37 4 187
37 5 187
37 6 187
37 7 187

38 3 187
38 4 187
38 5 187
38 6 187
38 7 187

39 3 187
39 4 187
39 5 187
39 6 187
39 7 187

40 3 187
40 4 187
40 5 187
40 6 187
40 7 187

41 3 187
41 4 187
41 5 187
41 6 187
41 7 187

42 3 187
42 4 187
42 5 187
42 6 187
42 7 187

43 3 187
43 4 187
43 5 187
43 6 187
43 7 187

44 3 187
44 4 187
44 5 187
44 6 187
44 7 187

45 3 187
45 4 187
45 5 187
45 6 187
45 7 187

46 3 187
46 4 187
46 5 187
46 6 187
46 7 187

47 3 187
47 4 187
47 5 187
47 6 187
47 7 187

48 3 187
48 4 187
48 5 187
48 6 187
48 7 187

49 3 187
49 4 187
49 5 187
49 6 187
49 7 187

50 3 187
50 4 187
50 5 187
50 6 187
50 7 187

51 3 187
51 4 187
51 5 187
51 6 187
51 7 187

52 3 187
52 4 187
52 5 187
52 6 187
52 7 187

53 3 187
53 4 187
53 5 187
53 6 187
53 7 187

54 3 187
54 4 187
54 5 187
54 6 187
54 7 187

24 3 0
24 4 0
24 5 0
24 7 0

25 3 0
25 5 0
25 7 0

26 3 0
26 5 0
26 6 0
26 7 0

28 3 0
28 4 0
28 5 0
28 6 0
28 7 0

29 3 0
29 5 0
29 7 0

30 3 0
30 5 0
30 7 0

32 3 0

33 3 0
33 4 0
33 5 0
33 6 0
33 7 0

34 3 0

36 3 0

37 3 0
37 4 0
37 5 0
37 6 0
37 7 0

38 3 0

40 3 0
40 4 0
40 5 0
40 6 0
40 7 0

42 3 0
42 4 0
42 5 0
42 6 0
42 7 0

43 4 0

44 5 0

45 3 0
45 4 0
45 5 0
45 6 0
45 7 0

47 3 0
47 4 0
47 5 0
47 6 0
47 7 0

48 3 0
48 7 0

49 3 0
49 5 0
49 6 0
49 7 0