0 3 0
0 4 0
0 5 0
0 6 0
0 7 0
0 8 0

1 2 0
1 3 187
1 4 187
1 5 187
1 6 187
1 7 151
1 8 151
1 9 0

2 1 0
2 2 0
2 3 187
2 4 187
2 5 187
2 6 187
2 7 187
2 8 151
2 9 0
2 10 0

3 0 0
3 1 187
3 2 187
3 3 187
3 4 187
3 5 187
3 6 187
3 7 187
3 8 187
3 9 151
3 10 151
3 11 0

4 0 0
4 1 187
4 2 187
4 3 187
4 4 187
4 5 187
4 6 187
4 7 187
4 8 187
4 9 187
4 10 151
4 11 0

5 0 0
5 1 187
5 2 187
5 3 187
5 4 187
5 5 187
5 6 187
5 7 187
5 8 187
5 9 187
5 10 151
5 11 0

6 0 0
6 1 187
6 2 187
6 3 187
6 4 187
6 5 187
6 6 187
6 7 187
6 8 187
6 9 187
6 10 151
6 11 0

7 0 0
7 1 187
7 2 187
7 3 187
7 4 187
7 5 187
7 6 187
7 7 187
7 8 187
7 9 187
7 10 151
7 11 0

8 0 0
8 1 187
8 2 187
8 3 187
8 4 187
8 5 187
8 6 187
8 7 187
8 8 187
8 9 187
8 10 151
8 11 0

9 0 0
9 1 187
9 2 187
9 3 187
9 4 187
9 5 187
9 6 187
9 7 187
9 8 187
9 9 187
9 10 151
9 11 0

10 0 0
10 1 187
10 2 187
10 3 187
10 4 187
10 5 187
10 6 187
10 7 187
10 8 187
10 9 187
10 10 151
10 11 0

11 0 0
11 1 187
11 2 187
11 3 187
11 4 187
11 5 187
11 6 187
11 7 187
11 8 187
11 9 187
11 10 151
11 11 0

12 0 0
12 1 187
12 2 187
12 3 187
12 4 187
12 5 187
12 6 187
12 7 187
12 8 187
12 9 187
12 10 151
12 11 0

13 0 0
13 1 187
13 2 187
13 3 187
13 4 187
13 5 187
13 6 187
13 7 187
13 8 187
13 9 187
13 10 151
13 11 0

14 0 0
14 1 187
14 2 187
14 3 187
14 4 187
14 5 187
14 6 187
14 7 187
14 8 187
14 9 187
14 10 151
14 11 0

15 0 0
15 1 187
15 2 187
15 3 187
15 4 187
15 5 187
15 6 187
15 7 187
15 8 187
15 9 187
15 10 151
15 11 0

16 0 0
16 1 187
16 2 187
16 3 187
16 4 187
16 5 187
16 6 187
16 7 187
16 8 187
16 9 187
16 10 151
16 11 0

17 0 0
17 1 187
17 2 187
17 3 187
17 4 187
17 5 187
17 6 187
17 7 187
17 8 187
17 9 187
17 10 151
17 11 0

18 0 0
18 1 187
18 2 187
18 3 187
18 4 187
18 5 187
18 6 187
18 7 187
18 8 187
18 9 187
18 10 151
18 11 0

19 0 0
19 1 187
19 2 187
19 3 187
19 4 187
19 5 187
19 6 187
19 7 187
19 8 187
19 9 187
19 10 151
19 11 0

20 0 0
20 1 187
20 2 187
20 3 187
20 4 187
20 5 187
20 6 187
20 7 187
20 8 187
20 9 187
20 10 151
20 11 0

21 0 0
21 1 187
21 2 187
21 3 187
21 4 187
21 5 187
21 6 187
21 7 187
21 8 187
21 9 187
21 10 151
21 11 0

22 0 0
22 1 187
22 2 187
22 3 187
22 4 187
22 5 187
22 6 187
22 7 187
22 8 187
22 9 187
22 10 151
22 11 0

23 0 0
23 1 187
23 2 187
23 3 187
23 4 187
23 5 187
23 6 187
23 7 187
23 8 187
23 9 187
23 10 151
23 11 0

24 0 0
24 1 187
24 2 187
24 3 187
24 4 187
24 5 187
24 6 187
24 7 187
24 8 187
24 9 187
24 10 151
24 11 0

25 0 0
25 1 187
25 2 187
25 3 187
25 4 187
25 5 187
25 6 187
25 7 187
25 8 187
25 9 187
25 10 151
25 11 0

26 0 0
26 1 187
26 2 187
26 3 187
26 4 187
26 5 187
26 6 187
26 7 187
26 8 187
26 9 187
26 10 151
26 11 0

27 0 0
27 1 187
27 2 187
27 3 187
27 4 187
27 5 187
27 6 187
27 7 187
27 8 187
27 9 187
27 10 151
27 11 0

28 0 0
28 1 187
28 2 187
28 3 187
28 4 187
28 5 187
28 6 187
28 7 187
28 8 187
28 9 187
28 10 151
28 11 0

29 0 0
29 1 187
29 2 187
29 3 187
29 4 187
29 5 187
29 6 187
29 7 187
29 8 187
29 9 187
29 10 151
29 11 0

30 0 0
30 1 187
30 2 187
30 3 187
30 4 187
30 5 187
30 6 187
30 7 187
30 8 187
30 9 187
30 10 151
30 11 0

31 0 0
31 1 187
31 2 187
31 3 187
31 4 187
31 5 187
31 6 187
31 7 187
31 8 187
31 9 187
31 10 151
31 11 0

32 0 0
32 1 187
32 2 187
32 3 187
32 4 187
32 5 187
32 6 187
32 7 187
32 8 187
32 9 187
32 10 151
32 11 0

33 0 0
33 1 187
33 2 187
33 3 187
33 4 187
33 5 187
33 6 187
33 7 187
33 8 187
33 9 187
33 10 151
33 11 0

34 0 0
34 1 187
34 2 187
34 3 187
34 4 187
34 5 187
34 6 187
34 7 187
34 8 187
34 9 187
34 10 151
34 11 0

35 0 0
35 1 187
35 2 187
35 3 187
35 4 187
35 5 187
35 6 187
35 7 187
35 8 187
35 9 187
35 10 151
35 11 0

36 0 0
36 1 187
36 2 187
36 3 187
36 4 187
36 5 187
36 6 187
36 7 187
36 8 187
36 9 187
36 10 151
36 11 0

37 0 0
37 1 187
37 2 187
37 3 187
37 4 187
37 5 187
37 6 187
37 7 187
37 8 187
37 9 187
37 10 151
37 11 0

38 0 0
38 1 187
38 2 187
38 3 187
38 4 187
38 5 187
38 6 187
38 7 187
38 8 187
38 9 187
38 10 151
38 11 0

39 0 0
39 1 187
39 2 187
39 3 187
39 4 187
39 5 187
39 6 187
39 7 187
39 8 187
39 9 187
39 10 151
39 11 0

40 0 0
40 1 187
40 2 187
40 3 187
40 4 187
40 5 187
40 6 187
40 7 187
40 8 187
40 9 187
40 10 151
40 11 0

41 0 0
41 1 187
41 2 187
41 3 187
41 4 187
41 5 187
41 6 187
41 7 187
41 8 187
41 9 187
41 10 151
41 11 0

42 0 0
42 1 187
42 2 187
42 3 187
42 4 187
42 5 187
42 6 187
42 7 187
42 8 187
42 9 187
42 10 151
42 11 0

43 0 0
43 1 187
43 2 187
43 3 187
43 4 187
43 5 187
43 6 187
43 7 187
43 8 187
43 9 187
43 10 151
43 11 0

44 0 0
44 1 187
44 2 187
44 3 187
44 4 187
44 5 187
44 6 187
44 7 187
44 8 187
44 9 187
44 10 151
44 11 0

45 0 0
45 1 187
45 2 187
45 3 187
45 4 187
45 5 187
45 6 187
45 7 187
45 8 187
45 9 151
45 10 151
45 11 0

46 1 0
46 2 0
46 3 187
46 4 187
46 5 187
46 6 187
46 7 187
46 8 151
46 9 0
46 10 0

47 2 0
47 3 187
47 4 187
47 5 187
47 6 187
47 7 151
47 8 151
47 9 0

48 3 0
48 4 0
48 5 0
48 6 0
48 7 0
48 8 0

3 3 0
3 4 0
3 5 0
3 7 0

4 3 0
4 5 0
4 7 0

5 3 0
5 5 0
5 6 0
5 7 0

7 3 0

8 3 0
8 4 0
8 5 0
8 6 0
8 7 0

9 3 0

11 4 0
11 5 0
11 6 0
11 7 0

12 3 0
12 5 0

13 3 0
13 5 0

14 4 0
14 5 0
14 6 0
14 7 0

16 3 0
16 4 0
16 5 0
16 6 0
16 7 0

17 3 0
17 5 0

18 3 0
18 5 0

19 4 0
19 6 0
19 7 0

21 3 0

22 3 0
22 4 0
22 5 0
22 6 0
22 7 0

23 3 0

27 3 0
27 4 0
27 5 0
27 6 0
27 7 0

28 3 0
28 7 0

29 3 0
29 5 0
29 7 0

30 3 0
30 5 0
30 6 0
30 7 0

32 4 0
32 5 0
32 6 0
32 7 0

33 3 0
33 5 0

34 3 0
34 5 0

35 4 0
35 5 0
35 6 0
35 7 0

37 3 0
37 4 0
37 5 0
37 6 0
37 7 0

38 3 0

39 4 0

40 3 0

41 3 0
41 4 0
41 5 0
41 6 0
41 7 0

43 3 0
43 4 0
43 5 0
43 6 0
43 7 0

44 3 0
44 5 0
44 7 0

45 3 0
45 7 0