0 3 0
0 4 0
0 5 0
0 6 0
0 7 0
0 8 0

1 2 0
1 3 230
1 4 230
1 5 230
1 6 230
1 7 100
1 8 100
1 9 0

2 1 0
2 2 0
2 3 230
2 4 230
2 5 230
2 6 230
2 7 230
2 8 100
2 9 0
2 10 0

3 0 0
3 1 230
3 2 230
3 3 230
3 4 230
3 5 230
3 6 230
3 7 230
3 8 230
3 9 100
3 10 100
3 11 0

4 0 0
4 1 230
4 2 230
4 3 230
4 4 230
4 5 230
4 6 230
4 7 230
4 8 230
4 9 230
4 10 100
4 11 0

5 0 0
5 1 230
5 2 230
5 3 230
5 4 230
5 5 230
5 6 230
5 7 230
5 8 230
5 9 230
5 10 100
5 11 0

6 0 0
6 1 230
6 2 230
6 3 230
6 4 230
6 5 230
6 6 230
6 7 230
6 8 230
6 9 230
6 10 100
6 11 0

7 0 0
7 1 230
7 2 230
7 3 230
7 4 230
7 5 230
7 6 230
7 7 230
7 8 230
7 9 230
7 10 100
7 11 0

8 0 0
8 1 230
8 2 230
8 3 230
8 4 230
8 5 230
8 6 230
8 7 230
8 8 230
8 9 230
8 10 100
8 11 0

9 0 0
9 1 230
9 2 230
9 3 230
9 4 230
9 5 230
9 6 230
9 7 230
9 8 230
9 9 230
9 10 100
9 11 0

10 0 0
10 1 230
10 2 230
10 3 230
10 4 230
10 5 230
10 6 230
10 7 230
10 8 230
10 9 230
10 10 100
10 11 0

11 0 0
11 1 230
11 2 230
11 3 230
11 4 230
11 5 230
11 6 230
11 7 230
11 8 230
11 9 230
11 10 100
11 11 0

12 0 0
12 1 230
12 2 230
12 3 230
12 4 230
12 5 230
12 6 230
12 7 230
12 8 230
12 9 230
12 10 100
12 11 0

13 0 0
13 1 230
13 2 230
13 3 230
13 4 230
13 5 230
13 6 230
13 7 230
13 8 230
13 9 230
13 10 100
13 11 0

14 0 0
14 1 230
14 2 230
14 3 230
14 4 230
14 5 230
14 6 230
14 7 230
14 8 230
14 9 230
14 10 100
14 11 0

15 0 0
15 1 230
15 2 230
15 3 230
15 4 230
15 5 230
15 6 230
15 7 230
15 8 230
15 9 230
15 10 100
15 11 0

16 0 0
16 1 230
16 2 230
16 3 230
16 4 230
16 5 230
16 6 230
16 7 230
16 8 230
16 9 230
16 10 100
16 11 0

17 0 0
17 1 230
17 2 230
17 3 230
17 4 230
17 5 230
17 6 230
17 7 230
17 8 230
17 9 230
17 10 100
17 11 0

18 0 0
18 1 230
18 2 230
18 3 230
18 4 230
18 5 230
18 6 230
18 7 230
18 8 230
18 9 230
18 10 100
18 11 0

19 0 0
19 1 230
19 2 230
19 3 230
19 4 230
19 5 230
19 6 230
19 7 230
19 8 230
19 9 230
19 10 100
19 11 0

20 0 0
20 1 230
20 2 230
20 3 230
20 4 230
20 5 230
20 6 230
20 7 230
20 8 230
20 9 230
20 10 100
20 11 0

21 0 0
21 1 230
21 2 230
21 3 230
21 4 230
21 5 230
21 6 230
21 7 230
21 8 230
21 9 230
21 10 100
21 11 0

22 0 0
22 1 230
22 2 230
22 3 230
22 4 230
22 5 230
22 6 230
22 7 230
22 8 230
22 9 230
22 10 100
22 11 0

23 0 0
23 1 230
23 2 230
23 3 230
23 4 230
23 5 230
23 6 230
23 7 230
23 8 230
23 9 230
23 10 100
23 11 0

24 0 0
24 1 230
24 2 230
24 3 230
24 4 230
24 5 230
24 6 230
24 7 230
24 8 230
24 9 230
24 10 100
24 11 0

25 0 0
25 1 230
25 2 230
25 3 230
25 4 230
25 5 230
25 6 230
25 7 230
25 8 230
25 9 230
25 10 100
25 11 0

26 0 0
26 1 230
26 2 230
26 3 230
26 4 230
26 5 230
26 6 230
26 7 230
26 8 230
26 9 230
26 10 100
26 11 0

27 0 0
27 1 230
27 2 230
27 3 230
27 4 230
27 5 230
27 6 230
27 7 230
27 8 230
27 9 230
27 10 100
27 11 0

28 0 0
28 1 230
28 2 230
28 3 230
28 4 230
28 5 230
28 6 230
28 7 230
28 8 230
28 9 230
28 10 100
28 11 0

29 0 0
29 1 230
29 2 230
29 3 230
29 4 230
29 5 230
29 6 230
29 7 230
29 8 230
29 9 230
29 10 100
29 11 0

30 0 0
30 1 230
30 2 230
30 3 230
30 4 230
30 5 230
30 6 230
30 7 230
30 8 230
30 9 230
30 10 100
30 11 0

31 0 0
31 1 230
31 2 230
31 3 230
31 4 230
31 5 230
31 6 230
31 7 230
31 8 230
31 9 230
31 10 100
31 11 0

32 0 0
32 1 230
32 2 230
32 3 230
32 4 230
32 5 230
32 6 230
32 7 230
32 8 230
32 9 230
32 10 100
32 11 0

33 0 0
33 1 230
33 2 230
33 3 230
33 4 230
33 5 230
33 6 230
33 7 230
33 8 230
33 9 230
33 10 100
33 11 0

34 0 0
34 1 230
34 2 230
34 3 230
34 4 230
34 5 230
34 6 230
34 7 230
34 8 230
34 9 230
34 10 100
34 11 0

35 0 0
35 1 230
35 2 230
35 3 230
35 4 230
35 5 230
35 6 230
35 7 230
35 8 230
35 9 230
35 10 100
35 11 0

36 0 0
36 1 230
36 2 230
36 3 230
36 4 230
36 5 230
36 6 230
36 7 230
36 8 230
36 9 230
36 10 100
36 11 0

37 0 0
37 1 230
37 2 230
37 3 230
37 4 230
37 5 230
37 6 230
37 7 230
37 8 230
37 9 230
37 10 100
37 11 0

38 0 0
38 1 230
38 2 230
38 3 230
38 4 230
38 5 230
38 6 230
38 7 230
38 8 230
38 9 230
38 10 100
38 11 0

39 0 0
39 1 230
39 2 230
39 3 230
39 4 230
39 5 230
39 6 230
39 7 230
39 8 230
39 9 230
39 10 100
39 11 0

40 0 0
40 1 230
40 2 230
40 3 230
40 4 230
40 5 230
40 6 230
40 7 230
40 8 230
40 9 230
40 10 100
40 11 0

41 0 0
41 1 230
41 2 230
41 3 230
41 4 230
41 5 230
41 6 230
41 7 230
41 8 230
41 9 230
41 10 100
41 11 0

42 0 0
42 1 230
42 2 230
42 3 230
42 4 230
42 5 230
42 6 230
42 7 230
42 8 230
42 9 230
42 10 100
42 11 0

43 0 0
43 1 230
43 2 230
43 3 230
43 4 230
43 5 230
43 6 230
43 7 230
43 8 230
43 9 230
43 10 100
43 11 0

44 0 0
44 1 230
44 2 230
44 3 230
44 4 230
44 5 230
44 6 230
44 7 230
44 8 230
44 9 230
44 10 100
44 11 0

45 0 0
45 1 230
45 2 230
45 3 230
45 4 230
45 5 230
45 6 230
45 7 230
45 8 230
45 9 100
45 10 100
45 11 0

46 1 0
46 2 0
46 3 230
46 4 230
46 5 230
46 6 230
46 7 230
46 8 100
46 9 0
46 10 0

47 2 0
47 3 230
47 4 230
47 5 230
47 6 230
47 7 100
47 8 100
47 9 0

48 3 0
48 4 0
48 5 0
48 6 0
48 7 0
48 8 0

3 3 0
3 4 0
3 5 0
3 7 0

4 3 0
4 5 0
4 7 0

5 3 0
5 5 0
5 6 0
5 7 0

7 3 0

8 3 0
8 4 0
8 5 0
8 6 0
8 7 0

9 3 0

11 4 0
11 5 0
11 6 0
11 7 0

12 3 0
12 5 0

13 3 0
13 5 0

14 4 0
14 5 0
14 6 0
14 7 0

16 3 0
16 4 0
16 5 0
16 6 0
16 7 0

17 3 0
17 5 0

18 3 0
18 5 0

19 4 0
19 6 0
19 7 0

21 3 0

22 3 0
22 4 0
22 5 0
22 6 0
22 7 0

23 3 0

27 3 0
27 4 0
27 5 0
27 6 0
27 7 0

28 3 0
28 7 0

29 3 0
29 5 0
29 7 0

30 3 0
30 5 0
30 6 0
30 7 0

32 4 0
32 5 0
32 6 0
32 7 0

33 3 0
33 5 0

34 3 0
34 5 0

35 4 0
35 5 0
35 6 0
35 7 0

37 3 0
37 4 0
37 5 0
37 6 0
37 7 0

38 3 0

39 4 0

40 3 0

41 3 0
41 4 0
41 5 0
41 6 0
41 7 0

43 3 0
43 4 0
43 5 0
43 6 0
43 7 0

44 3 0
44 5 0
44 7 0

45 3 0
45 7 0