6 0 10
16 0 10
5 1 10
6 1 130
7 1 10
15 1 10
16 1 130
17 1 10
5 2 10
6 2 130
7 2 130
15 2 10
16 2 130
17 2 10
5 3 10
6 3 130
7 3 130
8 3 10
9 3 10
10 3 10
11 3 10
12 3 10
13 3 10
14 3 10
15 3 130
16 3 130
17 3 10
4 4 10
5 4 130
6 4 130
7 4 130
8 4 130
9 4 130
10 4 130
11 4 130
12 4 130
13 4 130
14 4 130
15 4 130
16 4 130
17 4 130
18 4 10
1 5 10
4 5 10
5 5 130
6 5 240
7 5 240
8 5 240
9 5 130
10 5 130
11 5 130
12 5 130
13 5 130
14 5 240
15 5 240
16 5 240
17 5 130
18 5 10
21 5 10
2 6 10
3 6 10
4 6 130
5 6 130
6 6 240
7 6 10
8 6 240
9 6 130
10 6 10
11 6 10
12 6 10
13 6 130
14 6 240
15 6 10
16 6 240
17 6 130
18 6 130
19 6 10
20 6 10
3 7 10
4 7 130
5 7 130
6 7 240
7 7 240
8 7 240
9 7 130
10 7 130
11 7 130
12 7 130
13 7 130
14 7 240
15 7 240
16 7 240
17 7 130
18 7 130
19 7 10
0 8 10
1 8 10
2 8 130
3 8 130
4 8 130
5 8 130
6 8 130
7 8 130
8 8 130
9 8 130
10 8 130
11 8 130
12 8 130
13 8 130
14 8 130
15 8 130
16 8 130
17 8 130
18 8 130
19 8 130
20 8 10
21 8 10
22 8 10
2 9 10
3 9 130
4 9 130
5 9 130
6 9 130
7 9 130
8 9 130
9 9 130
10 9 130
11 9 130
12 9 130
13 9 130
14 9 130
15 9 130
16 9 130
17 9 130
18 9 130
19 9 130
20 9 10
2 10 10
3 10 130
4 10 130
5 10 130
6 10 130
7 10 130
8 10 130
9 10 130
10 10 130
11 10 130
12 10 130
13 10 130
14 10 130
15 10 130
16 10 130
17 10 130
18 10 130
19 10 130
