0 6 170
0 7 170
0 8 170
0 9 170
0 10 170

1 5 170
1 10 170
1 11 170

2 7 170
2 8 170
2 9 170
2 10 170
2 11 170
2 12 170

3 4 170
3 5 170
3 6 170
3 7 170
3 8 170
3 9 170
3 10 170

4 3 170
4 4 170
4 5 170
4 6 170
4 7 170

5 2 170
5 3 170
5 4 170

6 2 170
6 3 170
6 4 170
6 5 170
6 6 170
6 7 170
6 8 170
6 9 170
6 10 170
6 11 170
6 12 170
6 13 170

7 3 170
7 4 170
7 5 170
7 6 170
7 7 170
7 11 170
7 12 170
7 13 170
7 14 170

8 12 170
8 13 170
8 14 170

9 2 170
9 3 170
9 4 170
9 5 170
9 6 170
9 7 170
9 8 170
9 9 170
9 11 170
9 12 170
9 13 170
9 14 170

10 1 170
10 2 170
10 3 170
10 4 170
10 5 170
10 6 170
10 7 170
10 8 170
10 9 170
10 10 170
10 11 170
10 12 170
10 13 170
10 14 170

11 0 170
11 1 170
11 2 170
11 3 170
11 8 170
11 9 170
11 10 170
11 11 170
11 12 170
11 13 170

12 0 170
12 1 170
12 2 170

13 0 170
13 1 170
13 2 170
13 6 170
13 7 170
13 8 170
13 9 170
13 10 170
13 11 170
13 12 170
13 13 170

14 0 170
14 1 170
14 2 170
14 3 170
14 4 170
14 5 170
14 6 170
14 7 170
14 8 170
14 9 170
14 10 170
14 11 170
14 12 170
14 13 170

15 1 170
15 2 170
15 3 170
15 4 170
15 5 170
15 6 170
15 11 170
15 12 170
15 13 170

16 2 170
16 3 170
16 4 170
16 5 170
16 10 170
16 11 170
16 12 170
16 13 170

17 8 170
17 9 170
17 10 170
17 11 170
17 12 170

18 7 170
18 8 170
18 9 170
18 10 170

19 7 170
19 8 170

20 6 170
20 7 170
20 8 170
20 9 170

21 6 170
21 7 170
21 8 170
21 9 170

22 6 170
22 7 170
22 8 170
22 9 170

23 7 170
23 8 170


24 7 170
24 8 170

25 7 200

26 8 200

27 7 200