27 6 170
27 7 170
27 8 170
27 9 170
27 10 170

26 5 170
26 10 170
26 11 170

25 7 170
25 8 170
25 9 170
25 10 170
25 11 170
25 12 170

24 4 170
24 5 170
24 6 170
24 7 170
24 8 170
24 9 170
24 10 170

23 3 170
23 4 170
23 5 170
23 6 170
23 7 170

22 2 170
22 3 170
22 4 170

21 2 170
21 3 170
21 4 170
21 5 170
21 6 170
21 7 170
21 8 170
21 9 170
21 10 170
21 11 170
21 12 170
21 13 170

20 3 170
20 4 170
20 5 170
20 6 170
20 7 170
20 11 170
20 12 170
20 13 170
20 14 170

19 12 170
19 13 170
19 14 170

18 2 170
18 3 170
18 4 170
18 5 170
18 6 170
18 7 170
18 8 170
18 9 170
18 11 170
18 12 170
18 13 170
18 14 170

17 1 170
17 2 170
17 3 170
17 4 170
17 5 170
17 6 170
17 7 170
17 8 170
17 9 170
17 10 170
17 11 170
17 12 170
17 13 170
17 14 170

16 0 170
16 1 170
16 2 170
16 3 170
16 8 170
16 9 170
16 10 170
16 11 170
16 12 170
16 13 170

15 0 170
15 1 170
15 2 170

14 0 170
14 1 170
14 2 170
14 6 170
14 7 170
14 8 170
14 9 170
14 10 170
14 11 170
14 12 170
14 13 170

13 0 170
13 1 170
13 2 170
13 3 170
13 4 170
13 5 170
13 6 170
13 7 170
13 8 170
13 9 170
13 10 170
13 11 170
13 12 170
13 13 170

12 1 170
12 2 170
12 3 170
12 4 170
12 5 170
12 6 170
12 11 170
12 12 170
12 13 170

11 2 170
11 3 170
11 4 170
11 5 170
11 10 170
11 11 170
11 12 170
11 13 170

10 8 170
10 9 170
10 10 170
10 11 170
10 12 170

9 7 170
9 8 170
9 9 170
9 10 170

8 7 170
8 8 170

7 6 170
7 7 170
7 8 170
7 9 170

6 6 170
6 7 170
6 8 170
6 9 170

5 6 170
5 7 170
5 8 170
5 9 170

4 7 170
4 8 170


3 7 170
3 8 170

2 7 200

1 8 200

0 7 200
