0 0 244
0 1 244
0 2 244
0 3 244
0 4 244
0 5 244
0 6 244
0 7 244
0 8 244
0 9 244
0 10 244
0 11 244
0 12 244
0 13 244
0 14 244
0 15 244
0 16 244
0 17 244
0 18 244
0 19 244
0 20 244
0 21 244
0 22 244
0 23 244
0 24 244

1 0 244
1 1 244
1 2 244
1 3 244
1 4 244
1 5 244
1 6 244
1 7 244
1 8 244
1 9 244
1 10 244
1 11 244
1 12 244
1 13 244
1 14 244
1 15 244
1 16 244
1 17 244
1 18 244
1 19 244
1 20 244
1 21 244
1 22 244
1 23 244
1 24 244

2 0 244
2 1 244
2 2 244
2 3 244
2 4 244
2 5 244
2 6 244
2 7 244
2 8 244
2 9 244
2 10 244
2 11 244
2 12 244
2 13 244
2 14 244
2 15 244
2 16 244
2 17 244
2 18 244
2 19 244
2 20 244
2 21 244
2 22 244
2 23 244
2 24 244

3 0 244
3 1 244
3 2 244
3 3 244
3 4 244
3 5 244
3 6 244
3 7 244
3 8 244
3 9 244
3 10 244
3 11 244
3 12 244
3 13 244
3 14 244
3 15 244
3 16 244
3 17 244
3 18 244
3 19 244
3 20 244
3 21 244
3 22 244
3 23 244
3 24 244

4 0 244
4 1 244
4 2 244
4 3 244
4 4 244
4 5 244
4 6 244
4 7 244
4 8 244
4 9 244
4 10 244
4 11 244
4 12 244
4 13 244
4 14 244
4 15 244
4 16 244
4 17 244
4 18 244
4 19 244
4 20 244
4 21 244
4 22 244
4 23 244
4 24 244

5 0 244
5 1 244
5 2 244
5 3 244
5 4 244
5 5 244
5 6 244
5 7 244
5 8 244
5 9 244
5 10 244
5 11 244
5 12 244
5 13 244
5 14 244
5 15 244
5 16 244
5 17 244
5 18 244
5 19 244
5 20 244
5 21 244
5 22 244
5 23 244
5 24 244

6 0 244
6 1 244
6 2 244
6 3 244
6 4 244
6 5 244
6 6 244
6 7 244
6 8 244
6 9 244
6 10 244
6 11 244
6 12 244
6 13 244
6 14 244
6 15 244
6 16 244
6 17 244
6 18 244
6 19 244
6 20 244
6 21 244
6 22 244
6 23 244
6 24 244

7 0 244
7 1 244
7 2 244
7 3 244
7 4 244
7 5 244
7 6 244
7 7 244
7 8 244
7 9 244
7 10 244
7 11 244
7 12 244
7 13 244
7 14 244
7 15 244
7 16 244
7 17 244
7 18 244
7 19 244
7 20 244
7 21 244
7 22 244
7 23 244
7 24 244

8 0 244
8 1 244
8 2 244
8 3 244
8 4 244
8 5 244
8 6 244
8 7 244
8 8 244
8 9 244
8 10 244
8 11 244
8 12 244
8 13 244
8 14 244
8 15 244
8 16 244
8 17 244
8 18 244
8 19 244
8 20 244
8 21 244
8 22 244
8 23 244
8 24 244

9 0 244
9 1 244
9 2 244
9 3 244
9 4 244
9 5 244
9 6 244
9 7 244
9 8 244
9 9 244
9 10 244
9 11 244
9 12 244
9 13 244
9 14 244
9 15 244
9 16 244
9 17 244
9 18 244
9 19 244
9 20 244
9 21 244
9 22 244
9 23 244
9 24 244

10 0 244
10 1 244
10 2 244
10 3 244
10 4 244
10 5 244
10 6 244
10 7 244
10 8 244
10 9 244
10 10 244
10 11 244
10 12 244
10 13 244
10 14 244
10 15 244
10 16 244
10 17 244
10 18 244
10 19 244
10 20 244
10 21 244
10 22 244
10 23 244
10 24 244

11 0 244
11 1 244
11 2 244
11 3 244
11 4 244
11 5 244
11 6 244
11 7 244
11 8 244
11 9 244
11 10 244
11 11 244
11 12 244
11 13 244
11 14 244
11 15 244
11 16 244
11 17 244
11 18 244
11 19 244
11 20 244
11 21 244
11 22 244
11 23 244
11 24 244

12 0 244
12 1 244
12 2 244
12 3 244
12 4 244
12 5 244
12 6 244
12 7 244
12 8 244
12 9 244
12 10 244
12 11 244
12 12 244
12 13 244
12 14 244
12 15 244
12 16 244
12 17 244
12 18 244
12 19 244
12 20 244
12 21 244
12 22 244
12 23 244
12 24 244

13 0 244
13 1 244
13 2 244
13 3 244
13 4 244
13 5 244
13 6 244
13 7 244
13 8 244
13 9 244
13 10 244
13 11 244
13 12 244
13 13 244
13 14 244
13 15 244
13 16 244
13 17 244
13 18 244
13 19 244
13 20 244
13 21 244
13 22 244
13 23 244
13 24 244

14 0 244
14 1 244
14 2 244
14 3 244
14 4 244
14 5 244
14 6 244
14 7 244
14 8 244
14 9 244
14 10 244
14 11 244
14 12 244
14 13 244
14 14 244
14 15 244
14 16 244
14 17 244
14 18 244
14 19 244
14 20 244
14 21 244
14 22 244
14 23 244
14 24 244

15 0 244
15 1 244
15 2 244
15 3 244
15 4 244
15 5 244
15 6 244
15 7 244
15 8 244
15 9 244
15 10 244
15 11 244
15 12 244
15 13 244
15 14 244
15 15 244
15 16 244
15 17 244
15 18 244
15 19 244
15 20 244
15 21 244
15 22 244
15 23 244
15 24 244

16 0 244
16 1 244
16 2 244
16 3 244
16 4 244
16 5 244
16 6 244
16 7 244
16 8 244
16 9 244
16 10 244
16 11 244
16 12 244
16 13 244
16 14 244
16 15 244
16 16 244
16 17 244
16 18 244
16 19 244
16 20 244
16 21 244
16 22 244
16 23 244
16 24 244

17 0 244
17 1 244
17 2 244
17 3 244
17 4 244
17 5 244
17 6 244
17 7 244
17 8 244
17 9 244
17 10 244
17 11 244
17 12 244
17 13 244
17 14 244
17 15 244
17 16 244
17 17 244
17 18 244
17 19 244
17 20 244
17 21 244
17 22 244
17 23 244
17 24 244

18 0 244
18 1 244
18 2 244
18 3 244
18 4 244
18 5 244
18 6 244
18 7 244
18 8 244
18 9 244
18 10 244
18 11 244
18 12 244
18 13 244
18 14 244
18 15 244
18 16 244
18 17 244
18 18 244
18 19 244
18 20 244
18 21 244
18 22 244
18 23 244
18 24 244

19 0 244
19 1 244
19 2 244
19 3 244
19 4 244
19 5 244
19 6 244
19 7 244
19 8 244
19 9 244
19 10 244
19 11 244
19 12 244
19 13 244
19 14 244
19 15 244
19 16 244
19 17 244
19 18 244
19 19 244
19 20 244
19 21 244
19 22 244
19 23 244
19 24 244

20 0 244
20 1 244
20 2 244
20 3 244
20 4 244
20 5 244
20 6 244
20 7 244
20 8 244
20 9 244
20 10 244
20 11 244
20 12 244
20 13 244
20 14 244
20 15 244
20 16 244
20 17 244
20 18 244
20 19 244
20 20 244
20 21 244
20 22 244
20 23 244
20 24 244

21 0 244
21 1 244
21 2 244
21 3 244
21 4 244
21 5 244
21 6 244
21 7 244
21 8 244
21 9 244
21 10 244
21 11 244
21 12 244
21 13 244
21 14 244
21 15 244
21 16 244
21 17 244
21 18 244
21 19 244
21 20 244
21 21 244
21 22 244
21 23 244
21 24 244

22 0 244
22 1 244
22 2 244
22 3 244
22 4 244
22 5 244
22 6 244
22 7 244
22 8 244
22 9 244
22 10 244
22 11 244
22 12 244
22 13 244
22 14 244
22 15 244
22 16 244
22 17 244
22 18 244
22 19 244
22 20 244
22 21 244
22 22 244
22 23 244
22 24 244

23 0 244
23 1 244
23 2 244
23 3 244
23 4 244
23 5 244
23 6 244
23 7 244
23 8 244
23 9 244
23 10 244
23 11 244
23 12 244
23 13 244
23 14 244
23 15 244
23 16 244
23 17 244
23 18 244
23 19 244
23 20 244
23 21 244
23 22 244
23 23 244
23 24 244

24 0 244
24 1 244
24 2 244
24 3 244
24 4 244
24 5 244
24 6 244
24 7 244
24 8 244
24 9 244
24 10 244
24 11 244
24 12 244
24 13 244
24 14 244
24 15 244
24 16 244
24 17 244
24 18 244
24 19 244
24 20 244
24 21 244
24 22 244
24 23 244
24 24 244

25 0 244
25 1 244
25 2 244
25 3 244
25 4 244
25 5 244
25 6 244
25 7 244
25 8 244
25 9 244
25 10 244
25 11 244
25 12 244
25 13 244
25 14 244
25 15 244
25 16 244
25 17 244
25 18 244
25 19 244
25 20 244
25 21 244
25 22 244
25 23 244
25 24 244

26 0 244
26 1 244
26 2 244
26 3 244
26 4 244
26 5 244
26 6 244
26 7 244
26 8 244
26 9 244
26 10 244
26 11 244
26 12 244
26 13 244
26 14 244
26 15 244
26 16 244
26 17 244
26 18 244
26 19 244
26 20 244
26 21 244
26 22 244
26 23 244
26 24 244

27 0 244
27 1 244
27 2 244
27 3 244
27 4 244
27 5 244
27 6 244
27 7 244
27 8 244
27 9 244
27 10 244
27 11 244
27 12 244
27 13 244
27 14 244
27 15 244
27 16 244
27 17 244
27 18 244
27 19 244
27 20 244
27 21 244
27 22 244
27 23 244
27 24 244

28 0 244
28 1 244
28 2 244
28 3 244
28 4 244
28 5 244
28 6 244
28 7 244
28 8 244
28 9 244
28 10 244
28 11 244
28 12 244
28 13 244
28 14 244
28 15 244
28 16 244
28 17 244
28 18 244
28 19 244
28 20 244
28 21 244
28 22 244
28 23 244
28 24 244

29 0 244
29 1 244
29 2 244
29 3 244
29 4 244
29 5 244
29 6 244
29 7 244
29 8 244
29 9 244
29 10 244
29 11 244
29 12 244
29 13 244
29 14 244
29 15 244
29 16 244
29 17 244
29 18 244
29 19 244
29 20 244
29 21 244
29 22 244
29 23 244
29 24 244

30 0 244
30 1 244
30 2 244
30 3 244
30 4 244
30 5 244
30 6 244
30 7 244
30 8 244
30 9 244
30 10 244
30 11 244
30 12 244
30 13 244
30 14 244
30 15 244
30 16 244
30 17 244
30 18 244
30 19 244
30 20 244
30 21 244
30 22 244
30 23 244
30 24 244

31 0 244
31 1 244
31 2 244
31 3 244
31 4 244
31 5 244
31 6 244
31 7 244
31 8 244
31 9 244
31 10 244
31 11 244
31 12 244
31 13 244
31 14 244
31 15 244
31 16 244
31 17 244
31 18 244
31 19 244
31 20 244
31 21 244
31 22 244
31 23 244
31 24 244


13 0 0
14 0 0
15 0 0
16 0 0
22 0 0
23 0 0
24 0 0
25 0 0
12 1 0
13 1 160
14 1 160
15 1 160
16 1 160
17 1 0
21 1 0
22 1 160
23 1 160
24 1 160
25 1 160
26 1 0
12 2 0
13 2 160
14 2 0
15 2 0
16 2 160
17 2 0
21 2 0
22 2 160
23 2 0
24 2 0
25 2 160
26 2 0
12 3 0
13 3 160
14 3 0
15 3 244
16 3 160
17 3 160
18 3 0
19 3 0
20 3 0
21 3 160
22 3 160
23 3 0
24 3 244
25 3 160
26 3 0
12 4 0
13 4 160
14 4 0
15 4 0
16 4 160
17 4 160
18 4 160
19 4 160
20 4 160
21 4 160
22 4 160
23 4 0
24 4 0
25 4 160
26 4 0
11 5 0
12 5 160
13 5 160
14 5 160
15 5 160
16 5 160
17 5 160
18 5 225
19 5 225
20 5 225
21 5 160
22 5 160
23 5 160
24 5 160
25 5 160
26 5 160
27 5 0
10 6 0
11 6 160
12 6 160
13 6 160
14 6 160
15 6 225
16 6 225
17 6 225
18 6 225
19 6 225
20 6 225
21 6 225
22 6 225
23 6 225
24 6 160
25 6 160
26 6 160
27 6 160
28 6 0
10 7 0
11 7 225
12 7 225
13 7 225
14 7 225
15 7 225
16 7 225
17 7 225
18 7 0
19 7 225
20 7 0
21 7 225
22 7 225
23 7 225
24 7 225
25 7 225
26 7 225
27 7 225
28 7 0
10 8 0
11 8 225
12 8 225
13 8 192
14 8 225
15 8 225
16 8 0
17 8 225
18 8 225
19 8 225
20 8 225
21 8 225
22 8 0
23 8 225
24 8 225
25 8 192
26 8 225
27 8 225
28 8 0
10 9 0
11 9 225
12 9 225
13 9 225
14 9 225
15 9 225
16 9 225
17 9 0
18 9 0
19 9 0
20 9 0
21 9 0
22 9 225
23 9 225
24 9 225
25 9 225
26 9 225
27 9 225
28 9 0
11 10 0
12 10 0
13 10 225
14 10 225
15 10 225
16 10 225
17 10 225
18 10 0
19 10 192
20 10 0
21 10 225
22 10 225
23 10 225
24 10 225
25 10 225
26 10 0
27 10 0
13 11 0
14 11 0
15 11 0
16 11 225
17 11 225
18 11 0
19 11 192
20 11 0
21 11 225
22 11 225
23 11 0
24 11 0
25 11 0
16 12 0
17 12 0
18 12 0
19 12 192
20 12 0
21 12 0
22 12 0
15 13 0
16 13 0
17 13 160
18 13 0
19 13 192
20 13 0
21 13 160
22 13 0
14 14 0
15 14 160
16 14 160
17 14 0
18 14 192
19 14 192
20 14 192
21 14 0
22 14 0
14 15 0
15 15 160
16 15 0
17 15 0
18 15 192
19 15 0
20 15 192
21 15 0
22 15 0
13 16 0
14 16 160
15 16 160
16 16 0
17 16 225
18 16 0
19 16 225
20 16 0
21 16 160
22 16 0
13 17 0
14 17 160
15 17 0
16 17 96
17 17 96
18 17 96
19 17 0
20 17 0
21 17 0
12 18 0
13 18 160
14 18 160
15 18 0
16 18 225
17 18 0
18 18 0
19 18 160
20 18 0
11 19 0
12 19 0
13 19 160
14 19 0
15 19 96
16 19 96
17 19 0
18 19 160
19 19 0
8 20 0
9 20 0
11 20 0
12 20 160
13 20 160
14 20 0
15 20 225
16 20 0
17 20 160
18 20 0
7 21 0
8 21 160
9 21 0
10 21 0
11 21 0
12 21 160
13 21 0
14 21 96
15 21 96
16 21 0
17 21 0
20 21 0
21 21 0
22 21 0
7 22 0
8 22 160
9 22 160
10 22 160
11 22 0
12 22 0
13 22 0
14 22 225
15 22 225
16 22 225
17 22 0
18 22 0
19 22 0
20 22 160
21 22 160
22 22 0
23 22 0
4 23 0
5 23 0
6 23 0
7 23 0
8 23 160
9 23 160
10 23 160
11 23 160
12 23 0
13 23 96
14 23 96
15 23 96
16 23 0
17 23 0
18 23 160
19 23 160
20 23 160
21 23 160
22 23 160
23 23 0
30 23 0
4 24 0
5 24 160
6 24 160
7 24 0
8 24 160
9 24 160
10 24 160
11 24 160
12 24 160
13 24 0
14 24 0
15 24 0
16 24 160
17 24 160
18 24 160
19 24 160
20 24 160
21 24 160
22 24 0
23 24 0
24 24 0
29 24 0
30 24 0
3 25 0
4 25 160
5 25 160
6 25 160
7 25 0
8 25 160
9 25 160
10 25 160
11 25 160
12 25 160
13 25 160
14 25 160
15 25 160
16 25 160
17 25 160
18 25 160
19 25 160
20 25 0
21 25 0
22 25 0
23 25 160
24 25 160
25 25 0
29 25 0
30 25 0
3 26 0
4 26 160
5 26 160
6 26 160
7 26 160
8 26 0
9 26 0
10 26 160
11 26 160
12 26 160
13 26 160
14 26 160
15 26 160
16 26 160
17 26 0
18 26 0
19 26 0
20 26 160
21 26 160
22 26 160
23 26 160
24 26 160
25 26 0
26 26 0
27 26 0
28 26 0
29 26 160
30 26 0
1 27 0
2 27 0
3 27 0
4 27 160
5 27 160
6 27 160
7 27 160
8 27 160
9 27 160
10 27 0
11 27 0
12 27 160
13 27 160
14 27 160
15 27 160
16 27 0
17 27 0
18 27 160
19 27 160
20 27 160
21 27 160
22 27 160
23 27 160
24 27 160
25 27 160
26 27 0
27 27 160
28 27 160
29 27 160
30 27 0
1 28 0
2 28 160
3 28 160
4 28 0
5 28 0
6 28 160
7 28 160
8 28 160
9 28 160
10 28 160
11 28 160
12 28 0
13 28 0
14 28 0
15 28 0
16 28 160
17 28 160
18 28 160
19 28 160
20 28 160
21 28 160
22 28 0
23 28 0
24 28 0
25 28 0
26 28 0
27 28 160
28 28 160
29 28 160
30 28 0
0 29 0
1 29 0
2 29 160
3 29 160
4 29 160
5 29 160
6 29 0
7 29 0
8 29 160
9 29 160
10 29 160
11 29 160
12 29 160
13 29 160
14 29 160
15 29 160
16 29 160
17 29 160
18 29 160
19 29 160
20 29 160
21 29 0
22 29 160
23 29 160
24 29 160
25 29 160
26 29 160
27 29 160
28 29 160
29 29 0
30 29 0
0 30 0
1 30 160
2 30 160
3 30 160
4 30 160
5 30 160
6 30 160
7 30 160
8 30 0
9 30 0
10 30 160
11 30 160
12 30 160
13 30 160
14 30 160
15 30 160
16 30 160
17 30 160
18 30 160
19 30 160
20 30 0
21 30 0
22 30 160
23 30 160
24 30 160
25 30 160
26 30 160
27 30 160
28 30 0
29 30 0
1 31 0
2 31 160
3 31 160
4 31 160
5 31 160
6 31 160
7 31 160
8 31 160
9 31 160
10 31 0
11 31 0
12 31 160
13 31 160
14 31 160
15 31 160
16 31 160
17 31 160
18 31 160
19 31 0
20 31 0
21 31 160
22 31 160
23 31 160
24 31 160
25 31 0
26 31 0
27 31 0
1 32 0
2 32 0
3 32 0
4 32 0
5 32 160
6 32 160
7 32 160
8 32 160
9 32 160
10 32 160
11 32 0
12 32 0
13 32 0
14 32 160
15 32 160
16 32 160
17 32 0
18 32 0
19 32 160
20 32 160
21 32 160
22 32 160
23 32 0
24 32 0
5 33 0
6 33 0
7 33 160
8 33 160
9 33 160
10 33 160
11 33 160
12 33 160
13 33 160
14 33 0
15 33 0
16 33 0
17 33 160
18 33 160
19 33 160
20 33 160
21 33 0
22 33 0
7 34 0
8 34 0
9 34 160
10 34 160
11 34 160
12 34 160
13 34 160
14 34 160
15 34 160
16 34 160
17 34 160
18 34 160
19 34 0
20 34 0
9 35 0
10 35 0
11 35 0
12 35 0
13 35 0
14 35 0
15 35 0
16 35 0
17 35 0
18 35 0
