38 12 225
39 12 225
40 12 225
41 12 225
44 12 225
45 12 225
46 12 225
47 12 225
50 12 225
51 12 225
52 12 225
53 12 225
56 12 225
57 12 225
58 12 225
59 12 225
60 12 225
61 12 225
62 12 225
65 12 225
66 12 225
67 12 225
68 12 225
76 12 225
77 12 225
78 12 225
79 12 225
80 12 225
81 12 225
86 12 225
87 12 225
88 12 225
89 12 225
90 12 225
91 12 225
95 12 225
96 12 225
97 12 225
98 12 225
103 12 225
104 12 225
105 12 225
106 12 225
109 12 225
110 12 225
111 12 225
112 12 225
113 12 225
114 12 225
115 12 225
37 13 225
38 13 0
39 13 0
40 13 0
41 13 225
42 13 225
44 13 0
45 13 0
46 13 0
47 13 225
49 13 225
50 13 0
51 13 0
52 13 0
53 13 225
54 13 225
55 13 225
56 13 0
57 13 0
58 13 0
59 13 0
60 13 0
61 13 0
62 13 225
63 13 225
64 13 225
65 13 0
66 13 0
67 13 0
68 13 225
69 13 225
75 13 225
76 13 0
77 13 0
78 13 0
79 13 0
80 13 0
81 13 225
82 13 225
85 13 225
86 13 0
87 13 0
88 13 0
89 13 0
90 13 0
91 13 225
92 13 225
94 13 225
95 13 0
96 13 0
97 13 0
98 13 225
99 13 225
102 13 225
103 13 0
104 13 0
105 13 0
106 13 225
107 13 225
108 13 225
109 13 0
110 13 0
111 13 0
112 13 0
113 13 0
114 13 0
115 13 225
116 13 225
37 14 0
38 14 187
39 14 187
40 14 187
41 14 0
42 14 225
43 14 225
44 14 0
45 14 187
46 14 0
47 14 225
48 14 225
49 14 0
50 14 187
51 14 187
52 14 187
53 14 0
54 14 225
55 14 0
56 14 187
57 14 187
58 14 187
59 14 187
60 14 187
61 14 187
62 14 0
63 14 225
64 14 0
65 14 187
66 14 187
67 14 187
68 14 0
69 14 225
74 14 225
75 14 0
76 14 187
77 14 187
78 14 187
79 14 187
80 14 187
81 14 0
82 14 225
83 14 225
84 14 225
85 14 0
86 14 187
87 14 187
88 14 187
89 14 187
90 14 187
91 14 0
92 14 225
93 14 225
94 14 0
95 14 187
96 14 187
97 14 187
98 14 0
99 14 225
102 14 0
103 14 187
104 14 187
105 14 187
106 14 0
107 14 225
108 14 0
109 14 187
110 14 187
111 14 187
112 14 187
113 14 187
114 14 187
115 14 0
116 14 225
37 15 0
38 15 187
39 15 187
40 15 187
41 15 0
42 15 225
43 15 0
44 15 187
45 15 187
46 15 187
47 15 0
48 15 225
49 15 0
50 15 187
51 15 187
52 15 187
53 15 0
54 15 225
55 15 0
56 15 187
57 15 187
58 15 187
59 15 187
60 15 187
61 15 187
62 15 0
63 15 225
64 15 0
65 15 187
66 15 187
67 15 187
68 15 0
69 15 225
74 15 0
75 15 187
76 15 187
77 15 187
78 15 187
79 15 187
80 15 187
81 15 187
82 15 0
83 15 225
84 15 0
85 15 187
86 15 187
87 15 187
88 15 187
89 15 187
90 15 187
91 15 187
92 15 0
93 15 225
94 15 0
95 15 187
96 15 187
97 15 187
98 15 0
99 15 225
100 15 225
101 15 225
102 15 0
103 15 187
104 15 187
105 15 187
106 15 0
107 15 225
108 15 0
109 15 187
110 15 187
111 15 187
112 15 187
113 15 187
114 15 187
115 15 0
116 15 225
37 16 0
38 16 187
39 16 187
40 16 187
41 16 187
42 16 0
43 16 0
44 16 187
45 16 187
46 16 187
47 16 0
48 16 0
49 16 187
50 16 187
51 16 187
52 16 187
53 16 0
54 16 225
55 16 0
56 16 187
57 16 187
58 16 151
59 16 151
60 16 151
61 16 151
62 16 0
63 16 225
64 16 0
65 16 187
66 16 187
67 16 187
68 16 0
69 16 225
74 16 0
75 16 187
76 16 187
77 16 187
78 16 151
79 16 151
80 16 151
81 16 187
82 16 0
83 16 225
84 16 0
85 16 187
86 16 187
87 16 187
88 16 151
89 16 151
90 16 187
91 16 187
92 16 0
93 16 225
94 16 0
95 16 187
96 16 187
97 16 187
98 16 187
99 16 0
100 16 0
101 16 0
102 16 187
103 16 187
104 16 187
105 16 187
106 16 0
107 16 225
108 16 0
109 16 187
110 16 187
111 16 151
112 16 151
113 16 151
114 16 151
115 16 0
116 16 225
37 17 0
38 17 151
39 17 187
40 17 187
41 17 187
42 17 0
43 17 187
44 17 187
45 17 187
46 17 187
47 17 187
48 17 0
49 17 187
50 17 187
51 17 187
52 17 187
53 17 0
54 17 225
55 17 0
56 17 187
57 17 187
58 17 151
59 17 151
60 17 151
61 17 151
62 17 0
63 17 225
64 17 0
65 17 187
66 17 187
67 17 187
68 17 0
69 17 225
74 17 0
75 17 187
76 17 187
77 17 151
78 17 0
79 17 0
80 17 151
81 17 151
82 17 0
83 17 225
84 17 0
85 17 187
86 17 187
87 17 151
88 17 0
89 17 151
90 17 187
91 17 187
92 17 0
93 17 225
94 17 0
95 17 187
96 17 187
97 17 187
98 17 187
99 17 187
100 17 187
101 17 187
102 17 187
103 17 187
104 17 187
105 17 187
106 17 0
107 17 225
108 17 0
109 17 187
110 17 187
111 17 151
112 17 151
113 17 151
114 17 151
115 17 0
116 17 225
37 18 0
38 18 151
39 18 151
40 18 187
41 18 187
42 18 187
43 18 187
44 18 187
45 18 151
46 18 151
47 18 187
48 18 187
49 18 187
50 18 187
51 18 187
52 18 151
53 18 0
54 18 225
55 18 0
56 18 187
57 18 187
58 18 187
59 18 187
60 18 187
61 18 0
62 18 225
64 18 0
65 18 187
66 18 187
67 18 187
68 18 0
69 18 225
74 18 0
75 18 187
76 18 187
77 18 0
78 18 225
79 18 225
80 18 0
81 18 0
82 18 225
84 18 0
85 18 187
86 18 187
87 18 0
88 18 225
89 18 0
90 18 187
91 18 187
92 18 0
93 18 225
94 18 0
95 18 187
96 18 187
97 18 187
98 18 187
99 18 187
100 18 187
101 18 187
102 18 187
103 18 187
104 18 187
105 18 187
106 18 0
107 18 225
108 18 0
109 18 187
110 18 187
111 18 187
112 18 187
113 18 187
114 18 0
115 18 225
38 19 0
39 19 151
40 19 187
41 19 187
42 19 187
43 19 187
44 19 151
45 19 0
46 19 151
47 19 187
48 19 187
49 19 187
50 19 187
51 19 151
52 19 0
53 19 225
55 19 0
56 19 187
57 19 187
58 19 187
59 19 187
60 19 187
61 19 0
62 19 225
64 19 0
65 19 187
66 19 187
67 19 187
68 19 0
69 19 225
74 19 0
75 19 187
76 19 187
77 19 0
78 19 225
79 19 225
80 19 225
81 19 225
82 19 225
84 19 0
85 19 187
86 19 187
87 19 0
88 19 225
89 19 0
90 19 187
91 19 187
92 19 0
93 19 225
94 19 0
95 19 187
96 19 187
97 19 187
98 19 187
99 19 187
100 19 187
101 19 187
102 19 187
103 19 187
104 19 187
105 19 187
106 19 0
107 19 225
108 19 0
109 19 187
110 19 187
111 19 187
112 19 187
113 19 187
114 19 0
115 19 225
38 20 0
39 20 151
40 20 151
41 20 187
42 20 187
43 20 187
44 20 151
45 20 0
46 20 151
47 20 151
48 20 187
49 20 187
50 20 187
51 20 151
52 20 0
53 20 225
55 20 0
56 20 187
57 20 187
58 20 151
59 20 151
60 20 151
61 20 0
62 20 225
63 20 225
64 20 0
65 20 187
66 20 187
67 20 187
68 20 0
69 20 225
70 20 225
71 20 225
72 20 225
74 20 0
75 20 187
76 20 187
77 20 0
78 20 225
79 20 225
80 20 0
81 20 0
82 20 225
83 20 225
84 20 0
85 20 187
86 20 187
87 20 0
88 20 225
89 20 0
90 20 187
91 20 187
92 20 0
93 20 225
94 20 0
95 20 187
96 20 187
97 20 187
98 20 151
99 20 151
100 20 187
101 20 187
102 20 151
103 20 187
104 20 187
105 20 187
106 20 0
107 20 225
108 20 0
109 20 187
110 20 187
111 20 151
112 20 151
113 20 151
114 20 0
115 20 225
116 20 225
39 21 0
40 21 151
41 21 187
42 21 187
43 21 151
44 21 0
45 21 225
46 21 0
47 21 151
48 21 187
49 21 187
50 21 151
51 21 0
52 21 225
55 21 0
56 21 187
57 21 187
58 21 187
59 21 187
60 21 187
61 21 187
62 21 0
63 21 225
64 21 0
65 21 187
66 21 187
67 21 187
68 21 0
69 21 0
70 21 0
71 21 0
72 21 225
73 21 225
74 21 0
75 21 187
76 21 187
77 21 187
78 21 0
79 21 0
80 21 187
81 21 0
82 21 0
83 21 225
84 21 0
85 21 187
86 21 187
87 21 187
88 21 0
89 21 187
90 21 187
91 21 187
92 21 0
93 21 225
94 21 0
95 21 187
96 21 187
97 21 187
98 21 0
99 21 151
100 21 151
101 21 151
102 21 0
103 21 187
104 21 187
105 21 187
106 21 0
107 21 225
108 21 0
109 21 187
110 21 187
111 21 187
112 21 187
113 21 187
114 21 187
115 21 0
116 21 225
39 22 0
40 22 151
41 22 151
42 22 187
43 22 151
44 22 0
45 22 225
46 22 0
47 22 151
48 22 151
49 22 187
50 22 151
51 22 0
52 22 225
55 22 0
56 22 151
57 22 187
58 22 187
59 22 187
60 22 187
61 22 187
62 22 0
63 22 225
64 22 0
65 22 151
66 22 187
67 22 187
68 22 187
69 22 187
70 22 187
71 22 187
72 22 0
73 22 225
74 22 0
75 22 151
76 22 151
77 22 187
78 22 187
79 22 187
80 22 187
81 22 151
82 22 0
83 22 225
84 22 0
85 22 151
86 22 187
87 22 187
88 22 187
89 22 187
90 22 187
91 22 187
92 22 0
93 22 225
94 22 0
95 22 151
96 22 187
97 22 187
98 22 0
99 22 0
100 22 0
101 22 0
102 22 0
103 22 151
104 22 187
105 22 187
106 22 0
107 22 225
108 22 0
109 22 151
110 22 187
111 22 187
112 22 187
113 22 187
114 22 187
115 22 0
116 22 225
40 23 0
41 23 151
42 23 151
43 23 0
44 23 225
47 23 0
48 23 151
49 23 151
50 23 0
51 23 225
55 23 0
56 23 151
57 23 151
58 23 151
59 23 151
60 23 151
61 23 151
62 23 0
63 23 225
64 23 0
65 23 151
66 23 151
67 23 151
68 23 151
69 23 151
70 23 151
71 23 151
72 23 0
73 23 225
74 23 0
75 23 151
76 23 151
77 23 151
78 23 151
79 23 151
80 23 151
81 23 151
82 23 0
83 23 225
84 23 0
85 23 151
86 23 151
87 23 151
88 23 151
89 23 151
90 23 151
91 23 151
92 23 0
93 23 225
94 23 0
95 23 151
96 23 151
97 23 151
98 23 0
99 23 225
102 23 0
103 23 151
104 23 151
105 23 151
106 23 0
107 23 225
108 23 0
109 23 151
110 23 151
111 23 151
112 23 151
113 23 151
114 23 151
115 23 0
116 23 225
40 24 0
41 24 151
42 24 151
43 24 0
44 24 225
47 24 0
48 24 151
49 24 151
50 24 0
51 24 225
55 24 0
56 24 151
57 24 151
58 24 151
59 24 151
60 24 151
61 24 151
62 24 0
63 24 225
64 24 0
65 24 151
66 24 151
67 24 151
68 24 151
69 24 151
70 24 151
71 24 151
72 24 0
73 24 225
75 24 0
76 24 151
77 24 151
78 24 151
79 24 151
80 24 151
81 24 0
82 24 225
85 24 0
86 24 151
87 24 151
88 24 151
89 24 151
90 24 151
91 24 0
92 24 225
94 24 0
95 24 151
96 24 151
97 24 151
98 24 0
99 24 225
102 24 0
103 24 151
104 24 151
105 24 151
106 24 0
107 24 225
108 24 0
109 24 151
110 24 151
111 24 151
112 24 151
113 24 151
114 24 151
115 24 0
116 24 225
41 25 0
42 25 0
43 25 225
48 25 0
49 25 0
50 25 225
56 25 0
57 25 0
58 25 0
59 25 0
60 25 0
61 25 0
62 25 225
65 25 0
66 25 0
67 25 0
68 25 0
69 25 0
70 25 0
71 25 0
72 25 225
76 25 0
77 25 0
78 25 0
79 25 0
80 25 0
81 25 225
86 25 0
87 25 0
88 25 0
89 25 0
90 25 0
91 25 225
95 25 0
96 25 0
97 25 0
98 25 225
103 25 0
104 25 0
105 25 0
106 25 225
109 25 0
110 25 0
111 25 0
112 25 0
113 25 0
114 25 0
115 25 225
67 28 0
68 28 0
69 28 0
70 28 0
71 28 225
76 28 0
77 28 0
78 28 0
79 28 0
80 28 225
66 29 0
67 29 170
68 29 170
69 29 170
70 29 170
71 29 0
72 29 225
75 29 0
76 29 170
77 29 170
78 29 170
79 29 170
80 29 0
81 29 225
66 30 0
67 30 170
68 30 0
69 30 0
70 30 170
71 30 0
72 30 225
75 30 0
76 30 170
77 30 0
78 30 0
79 30 170
80 30 0
81 30 225
66 31 0
67 31 170
68 31 0
69 31 255
70 31 170
71 31 170
72 31 0
73 31 0
74 31 0
75 31 170
76 31 170
77 31 0
78 31 255
79 31 170
80 31 0
81 31 225
66 32 0
67 32 170
68 32 0
69 32 0
70 32 170
71 32 170
72 32 170
73 32 170
74 32 170
75 32 170
76 32 170
77 32 0
78 32 0
79 32 170
80 32 0
81 32 225
65 33 0
66 33 170
67 33 170
68 33 170
69 33 170
70 33 170
71 33 170
72 33 225
73 33 225
74 33 225
75 33 170
76 33 170
77 33 170
78 33 170
79 33 170
80 33 170
81 33 0
82 33 225
64 34 0
65 34 170
66 34 170
67 34 170
68 34 170
69 34 225
70 34 225
71 34 225
72 34 225
73 34 225
74 34 225
75 34 225
76 34 225
77 34 225
78 34 170
79 34 170
80 34 170
81 34 170
82 34 0
83 34 225
64 35 0
65 35 225
66 35 225
67 35 225
68 35 225
69 35 225
70 35 225
71 35 225
72 35 0
73 35 225
74 35 0
75 35 225
76 35 225
77 35 225
78 35 225
79 35 225
80 35 225
81 35 225
82 35 0
83 35 225
64 36 0
65 36 225
66 36 225
67 36 192
68 36 225
69 36 225
70 36 0
71 36 225
72 36 225
73 36 225
74 36 225
75 36 225
76 36 0
77 36 225
78 36 225
79 36 192
80 36 225
81 36 225
82 36 0
83 36 225
64 37 0
65 37 225
66 37 225
67 37 225
68 37 225
69 37 225
70 37 225
71 37 0
72 37 0
73 37 0
74 37 0
75 37 0
76 37 225
77 37 225
78 37 225
79 37 225
80 37 225
81 37 225
82 37 0
83 37 225
64 38 225
65 38 0
66 38 0
67 38 225
68 38 225
69 38 225
70 38 225
71 38 225
72 38 0
73 38 192
74 38 0
75 38 225
76 38 225
77 38 225
78 38 225
79 38 225
80 38 0
81 38 0
82 38 225
83 38 225
65 39 225
66 39 225
67 39 0
68 39 0
69 39 0
70 39 225
71 39 225
72 39 0
73 39 192
74 39 0
75 39 225
76 39 225
77 39 0
78 39 0
79 39 0
80 39 225
81 39 225
82 39 225
67 40 225
68 40 225
69 40 225
70 40 0
71 40 0
72 40 0
73 40 192
74 40 0
75 40 0
76 40 0
77 40 225
78 40 225
79 40 225
80 40 225
70 41 0
71 41 170
72 41 0
73 41 192
74 41 0
75 41 170
76 41 0
77 41 225
78 41 225
79 41 225
70 42 0
71 42 0
72 42 192
73 42 192
74 42 192
75 42 0
76 42 0
77 42 225
78 42 225
79 42 225
70 43 0
71 43 0
72 43 192
73 43 0
74 43 192
75 43 0
76 43 0
77 43 225
70 44 0
71 44 170
72 44 0
73 44 225
74 44 0
75 44 170
76 44 0
77 44 225
70 45 0
71 45 170
72 45 96
73 45 96
74 45 96
75 45 170
76 45 0
77 45 225
70 46 0
71 46 170
72 46 225
73 46 225
74 46 225
75 46 170
76 46 0
77 46 225
70 47 0
71 47 170
72 47 96
73 47 96
74 47 96
75 47 170
76 47 0
77 47 225
67 48 0
68 48 0
69 48 225
70 48 0
71 48 170
72 48 225
73 48 225
74 48 225
75 48 170
76 48 0
77 48 225
81 48 0
82 48 225
66 49 0
67 49 170
68 49 0
69 49 0
70 49 0
71 49 170
72 49 96
73 49 96
74 49 96
75 49 170
76 49 0
77 49 225
78 49 225
79 49 0
80 49 0
81 49 0
82 49 225
66 50 0
67 50 170
68 50 170
69 50 170
70 50 0
71 50 0
72 50 225
73 50 225
74 50 225
75 50 0
76 50 0
77 50 0
78 50 0
79 50 170
80 50 170
81 50 0
82 50 0
83 50 225
63 51 0
64 51 0
65 51 0
66 51 0
67 51 170
68 51 170
69 51 170
70 51 170
71 51 0
72 51 136
73 51 96
74 51 96
75 51 0
76 51 0
77 51 170
78 51 170
79 51 170
80 51 170
81 51 170
82 51 0
83 51 225
89 51 0
90 51 225
62 52 225
63 52 0
64 52 32
65 52 170
66 52 0
67 52 170
68 52 170
69 52 170
70 52 170
71 52 170
72 52 0
73 52 0
74 52 0
75 52 32
76 52 170
77 52 170
78 52 170
79 52 170
80 52 170
81 52 0
82 52 0
83 52 0
84 52 225
85 52 225
88 52 0
89 52 170
90 52 0
91 52 225
62 53 0
63 53 32
64 53 170
65 53 170
66 53 0
67 53 170
68 53 170
69 53 170
70 53 170
71 53 170
72 53 170
73 53 170
74 53 170
75 53 170
76 53 170
77 53 170
78 53 170
79 53 0
80 53 0
81 53 0
82 53 170
83 53 170
84 53 0
85 53 225
88 53 0
89 53 170
90 53 0
91 53 225
27 54 225
28 54 225
29 54 225
30 54 225
31 54 225
32 54 225
33 54 225
34 54 225
62 54 0
63 54 170
64 54 170
65 54 170
66 54 170
67 54 0
68 54 0
69 54 170
70 54 170
71 54 170
72 54 170
73 54 170
74 54 170
75 54 170
76 54 0
77 54 0
78 54 0
79 54 32
80 54 170
81 54 170
82 54 170
83 54 170
84 54 0
85 54 0
86 54 0
87 54 0
88 54 32
89 54 170
90 54 0
91 54 225
26 55 225
27 55 225
28 55 0
29 55 0
30 55 0
31 55 0
32 55 0
33 55 0
34 55 225
35 55 225
60 55 0
61 55 0
62 55 0
63 55 170
64 55 170
65 55 170
66 55 170
67 55 170
68 55 170
69 55 0
70 55 0
71 55 170
72 55 170
73 55 170
74 55 170
75 55 0
76 55 0
77 55 32
78 55 170
79 55 170
80 55 170
81 55 170
82 55 170
83 55 170
84 55 170
85 55 0
86 55 170
87 55 170
88 55 170
89 55 0
90 55 225
91 55 225
27 56 0
28 56 225
29 56 225
30 56 0
31 56 0
32 56 225
33 56 96
34 56 0
35 56 225
60 56 0
61 56 32
62 56 170
63 56 0
64 56 0
65 56 170
66 56 170
67 56 170
68 56 170
69 56 170
70 56 170
71 56 0
72 56 0
73 56 0
74 56 0
75 56 170
76 56 170
77 56 170
78 56 170
79 56 170
80 56 0
81 56 0
82 56 0
83 56 0
84 56 0
85 56 0
86 56 170
87 56 170
88 56 170
89 56 0
90 56 225
27 57 0
28 57 225
29 57 0
30 57 225
31 57 225
32 57 0
33 57 96
34 57 0
35 57 225
59 57 0
60 57 0
61 57 170
62 57 170
63 57 170
64 57 170
65 57 0
66 57 0
67 57 170
68 57 170
69 57 170
70 57 170
71 57 170
72 57 170
73 57 170
74 57 170
75 57 170
76 57 170
77 57 170
78 57 170
79 57 170
80 57 0
81 57 32
82 57 170
83 57 170
84 57 170
85 57 170
86 57 170
87 57 170
88 57 0
89 57 0
90 57 225
26 58 225
27 58 0
28 58 225
29 58 225
30 58 225
31 58 0
32 58 225
33 58 96
34 58 0
35 58 225
59 58 0
60 58 170
61 58 170
62 58 170
63 58 170
64 58 170
65 58 170
66 58 170
67 58 0
68 58 0
69 58 170
70 58 170
71 58 170
72 58 170
73 58 170
74 58 170
75 58 170
76 58 170
77 58 170
78 58 170
79 58 0
80 58 0
81 58 32
82 58 170
83 58 170
84 58 170
85 58 170
86 58 170
87 58 0
88 58 0
89 58 225
90 58 225
137 58 194
138 58 225
139 58 225
140 58 225
27 59 0
28 59 225
29 59 225
30 59 225
31 59 0
32 59 225
33 59 96
34 59 0
35 59 225
59 59 225
60 59 0
61 59 170
62 59 170
63 59 170
64 59 170
65 59 170
66 59 170
67 59 170
68 59 170
69 59 0
70 59 0
71 59 170
72 59 170
73 59 170
74 59 170
75 59 170
76 59 170
77 59 170
78 59 0
79 59 0
80 59 170
81 59 170
82 59 170
83 59 170
84 59 0
85 59 0
86 59 0
87 59 225
88 59 225
89 59 225
136 59 225
137 59 225
138 59 170
139 59 170
140 59 225
27 60 0
28 60 225
29 60 225
30 60 225
31 60 225
32 60 225
33 60 96
34 60 0
35 60 225
60 60 0
61 60 0
62 60 0
63 60 0
64 60 170
65 60 170
66 60 170
67 60 170
68 60 170
69 60 170
70 60 0
71 60 0
72 60 0
73 60 170
74 60 170
75 60 170
76 60 0
77 60 0
78 60 32
79 60 170
80 60 170
81 60 170
82 60 0
83 60 0
84 60 225
85 60 225
86 60 225
87 60 225
136 60 225
137 60 170
138 60 170
139 60 170
140 60 225
26 61 225
27 61 0
28 61 136
29 61 136
30 61 136
31 61 0
32 61 136
33 61 136
34 61 0
35 61 225
60 61 225
61 61 225
62 61 225
63 61 225
64 61 0
65 61 0
66 61 170
67 61 170
68 61 170
69 61 170
70 61 170
71 61 170
72 61 170
73 61 0
74 61 0
75 61 0
76 61 32
77 61 170
78 61 170
79 61 170
80 61 0
81 61 0
82 61 225
83 61 225
84 61 225
135 61 225
136 61 225
137 61 170
138 61 170
139 61 170
140 61 170
141 61 225
142 61 225
27 62 225
28 62 0
29 62 0
30 62 0
31 62 0
32 62 0
33 62 0
34 62 225
64 62 225
65 62 225
66 62 0
67 62 0
68 62 170
69 62 170
70 62 170
71 62 170
72 62 170
73 62 170
74 62 170
75 62 170
76 62 170
77 62 170
78 62 0
79 62 0
80 62 225
81 62 225
82 62 225
133 62 225
134 62 225
135 62 225
136 62 170
137 62 170
138 62 170
139 62 170
140 62 170
141 62 170
142 62 225
143 62 225
66 63 225
67 63 225
68 63 0
69 63 0
70 63 170
71 63 170
72 63 170
73 63 170
74 63 170
75 63 0
76 63 0
77 63 0
78 63 225
79 63 225
80 63 225
133 63 225
134 63 170
135 63 170
136 63 170
137 63 170
138 63 170
139 63 170
140 63 170
141 63 170
142 63 170
143 63 225
44 64 194
45 64 225
46 64 225
47 64 225
68 64 225
69 64 225
70 64 0
71 64 0
72 64 0
73 64 0
74 64 0
75 64 225
76 64 225
77 64 225
78 64 225
132 64 225
133 64 225
134 64 170
135 64 170
136 64 170
137 64 170
138 64 170
139 64 170
140 64 170
141 64 170
142 64 170
143 64 225
43 65 225
44 65 225
45 65 170
46 65 170
47 65 225
120 65 225
121 65 225
122 65 225
132 65 225
133 65 170
134 65 170
135 65 170
136 65 170
137 65 170
138 65 170
139 65 170
140 65 170
141 65 170
142 65 170
143 65 170
3 66 225
4 66 225
5 66 225
42 66 225
43 66 225
44 66 170
45 66 170
46 66 170
47 66 170
48 66 225
49 66 225
118 66 225
119 66 225
120 66 170
121 66 170
122 66 225
132 66 225
133 66 170
134 66 170
135 66 170
136 66 170
137 66 170
138 66 170
139 66 170
140 66 170
141 66 170
142 66 170
143 66 170
144 66 225
145 66 225
1 67 225
2 67 225
3 67 170
4 67 170
5 67 225
41 67 194
42 67 225
43 67 170
44 67 170
45 67 170
46 67 170
47 67 170
48 67 170
49 67 225
50 67 225
117 67 225
118 67 225
119 67 170
120 67 170
121 67 170
122 67 170
123 67 225
124 67 225
131 67 194
132 67 170
133 67 170
134 67 170
135 67 170
136 67 170
137 67 170
138 67 170
139 67 170
140 67 170
141 67 170
142 67 170
143 67 170
144 67 170
145 67 225
146 67 225
0 68 225
1 68 225
2 68 170
3 68 170
4 68 170
5 68 170
6 68 225
7 68 225
40 68 225
41 68 225
42 68 170
43 68 170
44 68 170
45 68 170
46 68 170
47 68 170
48 68 170
49 68 170
50 68 225
117 68 225
118 68 170
119 68 170
120 68 170
121 68 170
122 68 170
123 68 170
124 68 225
125 68 225
130 68 225
131 68 225
132 68 170
133 68 170
134 68 170
135 68 170
136 68 170
137 68 170
138 68 170
139 68 170
140 68 170
141 68 170
142 68 170
143 68 170
144 68 170
145 68 170
146 68 225
0 69 225
1 69 170
2 69 170
3 69 170
4 69 170
5 69 170
6 69 170
7 69 225
8 69 225
40 69 225
41 69 170
42 69 170
43 69 170
44 69 170
45 69 170
46 69 170
47 69 170
48 69 170
49 69 170
50 69 170
115 69 225
116 69 225
117 69 170
118 69 170
119 69 170
120 69 170
121 69 170
122 69 170
123 69 170
124 69 170
125 69 225
130 69 225
131 69 170
132 69 76
133 69 76
134 69 170
135 69 70
136 69 70
137 69 170
138 69 170
139 69 170
140 69 70
141 69 70
142 69 170
143 69 70
144 69 70
145 69 170
146 69 225
0 70 225
1 70 170
2 70 170
3 70 170
4 70 170
5 70 170
6 70 170
7 70 170
8 70 225
32 70 230
33 70 225
34 70 225
40 70 225
41 70 170
42 70 170
43 70 170
44 70 170
45 70 170
46 70 170
47 70 170
48 70 170
49 70 170
50 70 170
115 70 225
116 70 170
117 70 170
118 70 170
119 70 170
120 70 170
121 70 170
122 70 170
123 70 170
124 70 170
125 70 170
130 70 225
131 70 170
133 70 225
134 70 170
136 70 225
137 70 96
138 70 96
139 70 96
140 70 225
141 70 225
142 70 170
143 70 225
144 70 225
145 70 170
146 70 225
0 71 225
1 71 76
2 71 76
3 71 170
4 71 170
5 71 76
6 71 70
7 71 76
8 71 170
13 71 225
14 71 225
15 71 225
16 71 225
31 71 225
32 71 225
33 71 96
34 71 225
35 71 225
40 71 225
41 71 170
42 71 170
43 71 170
44 71 70
45 71 170
46 71 170
47 71 70
48 71 170
49 71 170
50 71 170
101 71 225
102 71 225
103 71 225
115 71 225
116 71 170
117 71 76
118 71 170
119 71 70
120 71 170
121 71 170
122 71 70
123 71 170
124 71 170
125 71 170
130 71 225
131 71 170
133 71 225
134 71 170
136 71 225
137 71 96
138 71 96
139 71 96
140 71 225
141 71 225
142 71 170
143 71 225
144 71 225
145 71 170
146 71 225
3 72 170
4 72 170
5 72 225
7 72 225
8 72 170
12 72 225
13 72 225
14 72 96
15 72 136
16 72 225
17 72 225
30 72 225
31 72 225
32 72 136
33 72 96
34 72 136
35 72 225
40 72 225
41 72 170
42 72 225
43 72 170
44 72 225
45 72 96
46 72 96
47 72 225
48 72 170
49 72 225
50 72 170
100 72 225
101 72 96
102 72 102
103 72 225
104 72 225
115 72 225
116 72 170
117 72 225
118 72 170
119 72 225
120 72 96
121 72 96
122 72 225
123 72 170
124 72 225
125 72 170
130 72 225
131 72 76
133 72 225
134 72 70
136 72 230
137 72 225
138 72 225
139 72 225
140 72 230
141 72 225
142 72 70
143 72 225
144 72 225
145 72 70
146 72 225
2 73 230
3 73 96
4 73 96
5 73 225
7 73 225
8 73 70
11 73 230
12 73 225
13 73 136
14 73 96
15 73 101
16 73 136
17 73 225
30 73 225
31 73 96
32 73 101
33 73 136
34 73 101
35 73 101
40 73 225
41 73 76
42 73 225
43 73 70
44 73 225
45 73 225
46 73 225
47 73 194
48 73 70
49 73 225
50 73 70
99 73 225
100 73 96
101 73 102
102 73 102
103 73 96
104 73 225
105 73 225
115 73 225
116 73 76
117 73 225
118 73 70
119 73 225
120 73 225
121 73 225
122 73 194
123 73 70
124 73 225
125 73 70
136 73 224
137 73 225
138 73 225
139 73 225
140 73 230
3 74 225
4 74 225
5 74 230
10 74 225
11 74 225
12 74 136
13 74 102
14 74 136
15 74 136
16 74 101
17 74 136
18 74 225
19 74 225
30 74 225
31 74 136
32 74 136
33 74 102
34 74 136
35 74 96
36 74 225
37 74 225
45 74 225
46 74 225
47 74 230
98 74 225
99 74 96
100 74 102
101 74 96
102 74 96
103 74 102
104 74 96
105 74 225
106 74 225
120 74 225
121 74 225
122 74 230
136 74 230
137 74 225
138 74 225
139 74 225
140 74 230
0 75 225
1 75 225
2 75 225
3 75 225
4 75 225
5 75 225
6 75 225
7 75 225
8 75 225
9 75 225
10 75 225
11 75 96
12 75 102
13 75 102
14 75 102
15 75 102
16 75 96
17 75 102
18 75 96
19 75 225
20 75 225
21 75 225
22 75 225
23 75 225
24 75 225
25 75 225
26 75 225
27 75 225
28 75 225
29 75 225
30 75 96
31 75 102
32 75 102
33 75 102
34 75 102
35 75 96
36 75 102
37 75 225
38 75 225
39 75 225
40 75 225
41 75 225
42 75 225
43 75 225
44 75 225
45 75 225
46 75 225
47 75 225
48 75 225
49 75 225
50 75 225
51 75 225
52 75 225
53 75 225
54 75 225
55 75 225
56 75 225
57 75 225
58 75 225
59 75 225
60 75 225
61 75 225
62 75 225
63 75 225
64 75 225
65 75 225
66 75 225
67 75 225
68 75 225
69 75 225
70 75 225
71 75 225
72 75 225
73 75 225
74 75 225
75 75 225
76 75 225
77 75 225
78 75 225
79 75 225
80 75 225
81 75 225
82 75 225
83 75 225
84 75 225
85 75 225
86 75 225
87 75 225
88 75 225
89 75 225
90 75 225
91 75 225
92 75 225
93 75 225
94 75 225
95 75 225
96 75 225
97 75 225
98 75 96
99 75 101
100 75 102
101 75 96
102 75 101
103 75 102
104 75 96
105 75 101
106 75 225
107 75 225
108 75 225
109 75 225
110 75 225
111 75 225
112 75 225
113 75 225
114 75 225
115 75 225
116 75 225
117 75 225
118 75 225
119 75 225
120 75 225
121 75 225
122 75 225
123 75 225
124 75 225
125 75 225
126 75 225
127 75 225
128 75 225
129 75 225
130 75 225
131 75 225
132 75 225
133 75 225
134 75 225
135 75 225
136 75 225
137 75 225
138 75 225
139 75 225
140 75 225
141 75 225
142 75 225
143 75 225
144 75 225
145 75 225
146 75 225
147 75 225
148 75 225
149 75 225
0 76 170
1 76 170
2 76 170
3 76 170
4 76 170
5 76 170
6 76 170
7 76 170
8 76 170
9 76 170
10 76 170
11 76 170
12 76 170
13 76 170
14 76 170
15 76 170
16 76 170
17 76 170
18 76 170
19 76 170
20 76 76
21 76 170
22 76 170
23 76 170
24 76 170
25 76 170
26 76 170
27 76 170
28 76 170
29 76 170
30 76 170
31 76 170
32 76 170
33 76 170
34 76 170
35 76 170
36 76 170
37 76 170
38 76 170
39 76 170
40 76 170
41 76 170
42 76 170
43 76 170
44 76 170
45 76 170
46 76 170
47 76 170
48 76 170
49 76 170
50 76 170
51 76 170
52 76 170
53 76 170
54 76 170
55 76 170
56 76 170
57 76 170
58 76 170
59 76 170
60 76 170
61 76 170
62 76 170
63 76 170
64 76 170
65 76 170
66 76 170
67 76 170
68 76 170
69 76 170
70 76 170
71 76 170
72 76 170
73 76 170
74 76 170
75 76 170
76 76 76
77 76 170
78 76 170
79 76 170
80 76 170
81 76 170
82 76 170
83 76 170
84 76 170
85 76 170
86 76 170
87 76 170
88 76 170
89 76 170
90 76 170
91 76 170
92 76 170
93 76 170
94 76 170
95 76 170
96 76 170
97 76 170
98 76 170
99 76 170
100 76 170
101 76 170
102 76 170
103 76 170
104 76 170
105 76 170
106 76 170
107 76 170
108 76 170
109 76 170
110 76 170
111 76 170
112 76 170
113 76 170
114 76 170
115 76 170
116 76 170
117 76 170
118 76 170
119 76 170
120 76 170
121 76 170
122 76 170
123 76 170
124 76 170
125 76 170
126 76 170
127 76 170
128 76 170
129 76 170
130 76 170
131 76 170
132 76 170
133 76 76
134 76 170
135 76 170
136 76 170
137 76 170
138 76 170
139 76 170
140 76 170
141 76 170
142 76 170
143 76 170
144 76 170
145 76 170
146 76 170
147 76 170
148 76 170
149 76 170
0 77 96
1 77 170
2 77 170
3 77 170
4 77 96
5 77 170
6 77 170
7 77 170
8 77 170
9 77 170
10 77 96
11 77 96
12 77 96
13 77 170
14 77 96
15 77 170
16 77 170
17 77 170
18 77 170
19 77 96
20 77 225
21 77 70
22 77 170
23 77 170
24 77 170
25 77 170
26 77 170
27 77 96
28 77 96
29 77 96
30 77 170
31 77 170
32 77 96
33 77 170
34 77 170
35 77 170
36 77 170
37 77 170
38 77 96
39 77 170
40 77 170
41 77 170
42 77 170
43 77 70
44 77 170
45 77 170
46 77 170
47 77 170
48 77 96
49 77 96
50 77 96
51 77 170
52 77 170
53 77 96
54 77 170
55 77 96
56 77 96
57 77 170
58 77 170
59 77 170
60 77 96
61 77 170
62 77 170
63 77 170
64 77 170
65 77 170
66 77 170
67 77 96
68 77 96
69 77 170
70 77 96
71 77 170
72 77 170
73 77 170
74 77 170
75 77 170
76 77 225
77 77 96
78 77 170
79 77 96
80 77 96
81 77 96
82 77 170
83 77 170
84 77 170
85 77 170
86 77 170
87 77 96
88 77 170
89 77 170
90 77 170
91 77 170
92 77 170
93 77 96
94 77 96
95 77 170
96 77 170
97 77 96
98 77 170
99 77 170
100 77 170
101 77 170
102 77 170
103 77 170
104 77 96
105 77 96
106 77 170
107 77 96
108 77 170
109 77 170
110 77 170
111 77 170
112 77 96
113 77 96
114 77 96
115 77 170
116 77 170
117 77 170
118 77 170
119 77 170
120 77 170
121 77 170
122 77 96
123 77 96
124 77 96
125 77 170
126 77 170
127 77 170
128 77 96
129 77 170
130 77 170
131 77 96
132 77 170
133 77 225
134 77 70
135 77 170
136 77 170
137 77 170
138 77 170
139 77 96
140 77 96
141 77 96
142 77 96
143 77 170
144 77 96
145 77 96
146 77 170
147 77 170
148 77 170
149 77 96
0 78 96
1 78 170
2 78 170
3 78 170
4 78 96
5 78 96
6 78 96
7 78 170
8 78 170
9 78 96
10 78 96
11 78 96
12 78 170
13 78 170
14 78 96
15 78 96
16 78 170
17 78 96
18 78 170
19 78 170
20 78 96
21 78 225
22 78 96
23 78 70
24 78 170
25 78 170
26 78 170
27 78 96
28 78 170
29 78 170
30 78 170
31 78 170
32 78 96
33 78 96
34 78 96
35 78 170
36 78 170
37 78 96
38 78 96
39 78 96
40 78 170
41 78 170
42 78 96
43 78 225
44 78 96
45 78 170
46 78 170
47 78 170
48 78 225
49 78 96
50 78 170
51 78 70
52 78 170
53 78 170
54 78 96
55 78 96
56 78 170
57 78 170
58 78 170
59 78 170
60 78 96
61 78 96
62 78 96
63 78 170
64 78 170
65 78 96
66 78 96
67 78 96
68 78 170
69 78 170
70 78 96
71 78 96
72 78 170
73 78 170
74 78 96
75 78 170
76 78 96
77 78 225
78 78 170
79 78 96
80 78 96
81 78 170
82 78 170
83 78 170
84 78 170
85 78 170
86 78 170
87 78 96
88 78 96
89 78 170
90 78 170
91 78 170
92 78 170
93 78 96
94 78 96
95 78 96
96 78 96
97 78 170
98 78 170
99 78 96
100 78 96
101 78 170
102 78 96
103 78 170
104 78 170
105 78 170
106 78 170
107 78 96
108 78 170
109 78 170
110 78 170
111 78 170
112 78 96
113 78 170
114 78 170
115 78 170
116 78 170
117 78 96
118 78 96
119 78 170
120 78 170
121 78 96
122 78 96
123 78 96
124 78 96
125 78 170
126 78 170
127 78 170
128 78 225
129 78 170
130 78 96
131 78 96
132 78 170
133 78 170
134 78 225
135 78 170
136 78 70
137 78 170
138 78 96
139 78 96
140 78 170
141 78 170
142 78 170
143 78 170
144 78 96
145 78 96
146 78 96
147 78 96
148 78 170
149 78 96
0 79 96
1 79 170
2 79 96
3 79 96
4 79 96
5 79 96
6 79 96
7 79 170
8 79 170
9 79 96
10 79 170
11 79 170
12 79 170
13 79 96
14 79 96
15 79 96
16 79 96
17 79 96
18 79 96
19 79 170
20 79 170
21 79 96
22 79 96
23 79 225
24 79 170
25 79 96
26 79 96
27 79 96
28 79 96
29 79 170
30 79 170
31 79 96
32 79 96
33 79 96
34 79 96
35 79 170
36 79 170
37 79 96
38 79 170
39 79 170
40 79 170
41 79 96
42 79 96
43 79 96
44 79 96
45 79 96
46 79 96
47 79 96
48 79 170
49 79 225
50 79 70
51 79 225
52 79 170
53 79 96
54 79 96
55 79 96
56 79 96
57 79 170
58 79 96
59 79 96
60 79 96
61 79 96
62 79 96
63 79 96
64 79 96
65 79 96
66 79 170
67 79 170
68 79 170
69 79 96
70 79 96
71 79 96
72 79 96
73 79 96
74 79 96
75 79 170
76 79 170
77 79 96
78 79 96
79 79 225
80 79 96
81 79 96
82 79 96
83 79 96
84 79 96
85 79 96
86 79 170
87 79 96
88 79 96
89 79 96
90 79 96
91 79 170
92 79 170
93 79 96
94 79 96
95 79 96
96 79 170
97 79 170
98 79 96
99 79 96
100 79 96
101 79 96
102 79 96
103 79 96
104 79 170
105 79 170
106 79 96
107 79 96
108 79 96
109 79 170
110 79 96
111 79 170
112 79 96
113 79 96
114 79 170
115 79 96
116 79 96
117 79 170
118 79 170
119 79 170
120 79 170
121 79 96
122 79 170
123 79 170
124 79 170
125 79 170
126 79 96
127 79 96
128 79 170
129 79 96
130 79 96
131 79 96
132 79 96
133 79 96
134 79 96
135 79 70
136 79 225
137 79 170
138 79 96
139 79 96
140 79 96
141 79 96
142 79 170
143 79 96
144 79 96
145 79 170
146 79 170
147 79 96
148 79 170
149 79 96
0 80 96
1 80 96
2 80 96
3 80 96
4 80 96
5 80 96
6 80 96
7 80 96
8 80 96
9 80 170
10 80 170
11 80 170
12 80 96
13 80 225
14 80 96
15 80 96
16 80 96
17 80 96
18 80 96
19 80 96
20 80 96
21 80 96
22 80 225
23 80 96
24 80 96
25 80 96
26 80 96
27 80 96
28 80 96
29 80 96
30 80 96
31 80 96
32 80 96
33 80 96
34 80 96
35 80 96
36 80 96
37 80 96
38 80 170
39 80 170
40 80 96
41 80 96
42 80 225
43 80 96
44 80 96
45 80 96
46 80 96
47 80 96
48 80 96
49 80 96
50 80 225
51 80 96
52 80 96
53 80 96
54 80 96
55 80 96
56 80 96
57 80 96
58 80 96
59 80 96
60 80 96
61 80 96
62 80 96
63 80 96
64 80 96
65 80 96
66 80 170
67 80 170
68 80 96
69 80 96
70 80 225
71 80 96
72 80 96
73 80 96
74 80 96
75 80 96
76 80 96
77 80 96
78 80 225
79 80 96
80 80 96
81 80 96
82 80 96
83 80 96
84 80 96
85 80 96
86 80 96
87 80 96
88 80 96
89 80 96
90 80 96
91 80 96
92 80 96
93 80 96
94 80 170
95 80 170
96 80 170
97 80 96
98 80 225
99 80 96
100 80 96
101 80 96
102 80 96
103 80 96
104 80 96
105 80 96
106 80 96
107 80 96
108 80 96
109 80 96
110 80 96
111 80 96
112 80 96
113 80 96
114 80 96
115 80 96
116 80 96
117 80 170
118 80 96
119 80 96
120 80 96
121 80 96
122 80 170
123 80 170
124 80 170
125 80 96
126 80 225
127 80 96
128 80 96
129 80 96
130 80 96
131 80 96
132 80 96
133 80 96
134 80 96
135 80 225
136 80 96
137 80 96
138 80 96
139 80 96
140 80 96
141 80 96
142 80 96
143 80 96
144 80 96
145 80 170
146 80 96
147 80 96
148 80 96
149 80 96
0 81 96
1 81 96
2 81 96
3 81 96
4 81 96
5 81 96
6 81 96
7 81 96
8 81 96
9 81 170
10 81 70
11 81 96
12 81 96
13 81 225
14 81 96
15 81 225
16 81 96
17 81 96
18 81 96
19 81 96
20 81 96
21 81 96
22 81 96
23 81 96
24 81 96
25 81 96
26 81 225
27 81 96
28 81 96
29 81 225
30 81 96
31 81 96
32 81 96
33 81 96
34 81 96
35 81 96
36 81 96
37 81 170
38 81 70
39 81 96
40 81 96
41 81 96
42 81 225
43 81 96
44 81 96
45 81 96
46 81 96
47 81 96
48 81 96
49 81 96
50 81 96
51 81 96
52 81 96
53 81 96
54 81 96
55 81 225
56 81 96
57 81 225
58 81 225
59 81 96
60 81 96
61 81 96
62 81 96
63 81 96
64 81 96
65 81 170
66 81 170
67 81 96
68 81 96
69 81 96
70 81 225
71 81 96
72 81 225
73 81 96
74 81 96
75 81 96
76 81 96
77 81 96
78 81 96
79 81 96
80 81 96
81 81 96
82 81 96
83 81 225
84 81 96
85 81 96
86 81 225
87 81 96
88 81 96
89 81 96
90 81 96
91 81 96
92 81 96
93 81 96
94 81 70
95 81 170
96 81 96
97 81 96
98 81 225
99 81 96
100 81 96
101 81 96
102 81 96
103 81 96
104 81 96
105 81 96
106 81 96
107 81 96
108 81 96
109 81 96
110 81 96
111 81 96
112 81 225
113 81 96
114 81 96
115 81 225
116 81 96
117 81 96
118 81 96
119 81 96
120 81 96
121 81 70
122 81 170
123 81 70
124 81 96
125 81 96
126 81 225
127 81 96
128 81 225
129 81 96
130 81 96
131 81 96
132 81 96
133 81 96
134 81 96
135 81 96
136 81 96
137 81 96
138 81 96
139 81 225
140 81 96
141 81 96
142 81 225
143 81 96
144 81 96
145 81 96
146 81 96
147 81 96
148 81 96
149 81 96
0 82 96
1 82 96
2 82 96
3 82 225
4 82 96
5 82 96
6 82 96
7 82 96
8 82 225
9 82 96
10 82 225
11 82 96
12 82 225
13 82 96
14 82 96
15 82 225
16 82 225
17 82 96
18 82 96
19 82 96
20 82 96
21 82 96
22 82 96
23 82 96
24 82 96
25 82 96
26 82 96
27 82 225
28 82 225
29 82 96
30 82 96
31 82 96
32 82 225
33 82 96
34 82 96
35 82 96
36 82 225
37 82 96
38 82 225
39 82 96
40 82 96
41 82 225
42 82 96
43 82 96
44 82 225
45 82 96
46 82 96
47 82 96
48 82 96
49 82 96
50 82 96
51 82 96
52 82 96
53 82 96
54 82 96
55 82 225
56 82 225
57 82 225
58 82 96
59 82 96
60 82 96
61 82 96
62 82 225
63 82 96
64 82 96
65 82 96
66 82 96
67 82 96
68 82 96
69 82 96
70 82 225
71 82 96
72 82 225
73 82 96
74 82 96
75 82 96
76 82 96
77 82 96
78 82 96
79 82 96
80 82 96
81 82 96
82 82 96
83 82 96
84 82 225
85 82 225
86 82 96
87 82 96
88 82 96
89 82 225
90 82 96
91 82 96
92 82 225
93 82 96
94 82 225
95 82 96
96 82 96
97 82 225
98 82 96
99 82 96
100 82 225
101 82 96
102 82 96
103 82 96
104 82 96
105 82 96
106 82 96
107 82 96
108 82 96
109 82 225
110 82 225
111 82 96
112 82 96
113 82 225
114 82 225
115 82 96
116 82 96
117 82 96
118 82 96
119 82 96
120 82 96
121 82 225
122 82 96
123 82 225
124 82 96
125 82 225
126 82 96
127 82 96
128 82 225
129 82 225
130 82 96
131 82 96
132 82 96
133 82 96
134 82 96
135 82 96
136 82 96
137 82 96
138 82 96
139 82 96
140 82 225
141 82 225
142 82 96
143 82 96
144 82 96
145 82 225
146 82 96
147 82 96
148 82 96
149 82 96
0 83 96
1 83 96
2 83 225
3 83 225
4 83 225
5 83 96
6 83 96
7 83 96
8 83 96
9 83 225
10 83 96
11 83 96
12 83 96
13 83 96
14 83 96
15 83 96
16 83 96
17 83 96
18 83 96
19 83 96
20 83 225
21 83 96
22 83 96
23 83 96
24 83 96
25 83 96
26 83 96
27 83 96
28 83 96
29 83 96
30 83 96
31 83 225
32 83 225
33 83 225
34 83 96
35 83 96
36 83 96
37 83 225
38 83 96
39 83 96
40 83 96
41 83 96
42 83 96
43 83 96
44 83 225
45 83 225
46 83 96
47 83 96
48 83 225
49 83 225
50 83 96
51 83 225
52 83 225
53 83 225
54 83 96
55 83 96
56 83 96
57 83 96
58 83 96
59 83 96
60 83 96
61 83 225
62 83 225
63 83 225
64 83 96
65 83 225
66 83 96
67 83 225
68 83 96
69 83 96
70 83 96
71 83 96
72 83 96
73 83 96
74 83 96
75 83 96
76 83 225
77 83 96
78 83 96
79 83 96
80 83 96
81 83 96
82 83 96
83 83 96
84 83 96
85 83 96
86 83 96
87 83 96
88 83 225
89 83 225
90 83 225
91 83 96
92 83 96
93 83 225
94 83 96
95 83 96
96 83 96
97 83 96
98 83 96
99 83 96
100 83 96
101 83 225
102 83 96
103 83 96
104 83 96
105 83 96
106 83 96
107 83 96
108 83 96
109 83 96
110 83 96
111 83 96
112 83 96
113 83 96
114 83 96
115 83 96
116 83 96
117 83 225
118 83 96
119 83 96
120 83 96
121 83 96
122 83 225
123 83 96
124 83 96
125 83 96
126 83 96
127 83 96
128 83 96
129 83 96
130 83 96
131 83 96
132 83 96
133 83 225
134 83 96
135 83 96
136 83 96
137 83 96
138 83 96
139 83 96
140 83 96
141 83 96
142 83 96
143 83 96
144 83 225
145 83 225
146 83 225
147 83 96
148 83 96
149 83 96
0 84 96
1 84 96
2 84 96
3 84 96
4 84 96
5 84 96
6 84 96
7 84 96
8 84 96
9 84 96
10 84 96
11 84 96
12 84 96
13 84 96
14 84 96
15 84 96
16 84 96
17 84 96
18 84 96
19 84 96
20 84 96
21 84 225
22 84 96
23 84 96
24 84 96
25 84 96
26 84 96
27 84 96
28 84 96
29 84 96
30 84 96
31 84 96
32 84 96
33 84 96
34 84 96
35 84 96
36 84 96
37 84 96
38 84 96
39 84 96
40 84 96
41 84 96
42 84 96
43 84 96
44 84 96
45 84 96
46 84 96
47 84 96
48 84 96
49 84 225
50 84 96
51 84 96
52 84 96
53 84 96
54 84 96
55 84 96
56 84 96
57 84 96
58 84 96
59 84 96
60 84 96
61 84 96
62 84 96
63 84 96
64 84 96
65 84 96
66 84 225
67 84 96
68 84 96
69 84 96
70 84 96
71 84 96
72 84 96
73 84 96
74 84 96
75 84 96
76 84 96
77 84 225
78 84 96
79 84 96
80 84 96
81 84 96
82 84 96
83 84 96
84 84 96
85 84 96
86 84 96
87 84 96
88 84 96
89 84 96
90 84 96
91 84 96
92 84 96
93 84 96
94 84 96
95 84 96
96 84 96
97 84 96
98 84 96
99 84 96
100 84 96
101 84 96
102 84 96
103 84 96
104 84 96
105 84 225
106 84 96
107 84 96
108 84 96
109 84 96
110 84 96
111 84 96
112 84 96
113 84 96
114 84 96
115 84 96
116 84 225
117 84 225
118 84 225
119 84 225
120 84 96
121 84 96
122 84 96
123 84 96
124 84 96
125 84 96
126 84 96
127 84 96
128 84 96
129 84 96
130 84 96
131 84 96
132 84 96
133 84 96
134 84 225
135 84 96
136 84 96
137 84 96
138 84 96
139 84 96
140 84 96
141 84 96
142 84 96
143 84 96
144 84 96
145 84 96
146 84 96
147 84 96
148 84 96
149 84 96
0 85 96
1 85 96
2 85 96
3 85 96
4 85 96
5 85 96
6 85 96
7 85 96
8 85 96
9 85 96
10 85 96
11 85 96
12 85 96
13 85 96
14 85 96
15 85 96
16 85 96
17 85 96
18 85 96
19 85 96
20 85 96
21 85 96
22 85 96
23 85 96
24 85 96
25 85 96
26 85 96
27 85 96
28 85 96
29 85 96
30 85 96
31 85 96
32 85 96
33 85 96
34 85 96
35 85 96
36 85 96
37 85 96
38 85 96
39 85 96
40 85 96
41 85 96
42 85 96
43 85 96
44 85 96
45 85 96
46 85 96
47 85 96
48 85 96
49 85 96
50 85 96
51 85 96
52 85 96
53 85 96
54 85 96
55 85 96
56 85 96
57 85 96
58 85 96
59 85 96
60 85 96
61 85 96
62 85 96
63 85 96
64 85 96
65 85 96
66 85 96
67 85 96
68 85 96
69 85 96
70 85 96
71 85 96
72 85 96
73 85 96
74 85 96
75 85 96
76 85 96
77 85 96
78 85 96
79 85 96
80 85 96
81 85 96
82 85 96
83 85 96
84 85 96
85 85 96
86 85 96
87 85 96
88 85 96
89 85 96
90 85 96
91 85 96
92 85 96
93 85 96
94 85 96
95 85 96
96 85 96
97 85 96
98 85 96
99 85 96
100 85 96
101 85 96
102 85 96
103 85 96
104 85 96
105 85 96
106 85 225
107 85 96
108 85 96
109 85 96
110 85 96
111 85 96
112 85 96
113 85 96
114 85 96
115 85 96
116 85 96
117 85 96
118 85 96
119 85 96
120 85 96
121 85 96
122 85 96
123 85 96
124 85 96
125 85 96
126 85 96
127 85 96
128 85 96
129 85 96
130 85 96
131 85 96
132 85 96
133 85 96
134 85 96
135 85 96
136 85 96
137 85 96
138 85 96
139 85 96
140 85 96
141 85 96
142 85 96
143 85 96
144 85 96
145 85 96
146 85 96
147 85 96
148 85 96
149 85 96
0 86 96
1 86 96
2 86 96
3 86 96
4 86 96
5 86 96
6 86 96
7 86 96
8 86 96
9 86 96
10 86 96
11 86 96
12 86 96
13 86 96
14 86 96
15 86 96
16 86 96
17 86 96
18 86 96
19 86 96
20 86 96
21 86 96
22 86 96
23 86 96
24 86 96
25 86 96
26 86 96
27 86 96
28 86 96
29 86 96
30 86 96
31 86 96
32 86 96
33 86 96
34 86 96
35 86 96
36 86 96
37 86 96
38 86 96
39 86 96
40 86 96
41 86 96
42 86 96
43 86 96
44 86 96
45 86 96
46 86 96
47 86 96
48 86 96
49 86 96
50 86 96
51 86 96
52 86 96
53 86 96
54 86 96
55 86 96
56 86 96
57 86 96
58 86 96
59 86 96
60 86 96
61 86 96
62 86 96
63 86 96
64 86 96
65 86 96
66 86 96
67 86 96
68 86 96
69 86 96
70 86 96
71 86 96
72 86 96
73 86 96
74 86 96
75 86 96
76 86 96
77 86 96
78 86 96
79 86 96
80 86 96
81 86 96
82 86 96
83 86 96
84 86 96
85 86 96
86 86 96
87 86 96
88 86 96
89 86 96
90 86 96
91 86 96
92 86 96
93 86 96
94 86 96
95 86 96
96 86 96
97 86 96
98 86 96
99 86 96
100 86 96
101 86 96
102 86 96
103 86 96
104 86 96
105 86 96
106 86 96
107 86 96
108 86 96
109 86 96
110 86 96
111 86 96
112 86 96
113 86 96
114 86 96
115 86 96
116 86 96
117 86 96
118 86 96
119 86 96
120 86 96
121 86 96
122 86 96
123 86 96
124 86 96
125 86 96
126 86 96
127 86 96
128 86 96
129 86 96
130 86 96
131 86 96
132 86 96
133 86 96
134 86 96
135 86 96
136 86 96
137 86 96
138 86 96
139 86 96
140 86 96
141 86 96
142 86 96
143 86 96
144 86 96
145 86 96
146 86 96
147 86 96
148 86 96
149 86 96
0 87 96
1 87 96
2 87 96
3 87 96
4 87 96
5 87 96
6 87 96
7 87 96
8 87 96
9 87 96
10 87 96
11 87 96
12 87 96
13 87 96
14 87 96
15 87 96
16 87 96
17 87 96
18 87 96
19 87 96
20 87 96
21 87 96
22 87 96
23 87 96
24 87 96
25 87 96
26 87 96
27 87 96
28 87 96
29 87 96
30 87 96
31 87 96
32 87 96
33 87 96
34 87 96
35 87 96
36 87 96
37 87 96
38 87 96
39 87 96
40 87 96
41 87 96
42 87 96
43 87 96
44 87 96
45 87 96
46 87 96
47 87 96
48 87 96
49 87 96
50 87 96
51 87 96
52 87 96
53 87 96
54 87 96
55 87 96
56 87 96
57 87 96
58 87 96
59 87 96
60 87 96
61 87 96
62 87 96
63 87 96
64 87 96
65 87 96
66 87 96
67 87 96
68 87 96
69 87 96
70 87 96
71 87 96
72 87 96
73 87 96
74 87 96
75 87 96
76 87 96
77 87 96
78 87 96
79 87 96
80 87 96
81 87 96
82 87 96
83 87 96
84 87 96
85 87 96
86 87 96
87 87 96
88 87 96
89 87 96
90 87 96
91 87 96
92 87 96
93 87 96
94 87 96
95 87 96
96 87 96
97 87 96
98 87 96
99 87 96
100 87 96
101 87 96
102 87 96
103 87 96
104 87 96
105 87 96
106 87 96
107 87 96
108 87 96
109 87 96
110 87 96
111 87 96
112 87 96
113 87 96
114 87 96
115 87 96
116 87 96
117 87 96
118 87 96
119 87 96
120 87 96
121 87 96
122 87 96
123 87 96
124 87 96
125 87 96
126 87 96
127 87 96
128 87 96
129 87 96
130 87 96
131 87 96
132 87 96
133 87 96
134 87 96
135 87 96
136 87 96
137 87 96
138 87 96
139 87 96
140 87 96
141 87 96
142 87 96
143 87 96
144 87 96
145 87 96
146 87 96
147 87 96
148 87 96
149 87 96